BASISCHECK n=2 [ [ 0, 1, 0, 0 ], [ 2, 0, 0, 0 ], [ 0, 0, 0, 1 ], 
  [ 0, 0, 2, 0 ] ]
n=2 |PSp|=25920 factorisations=45 classes=20
CLASS n=2 order=1 size=1 fixed=45 real=true M=
[ [ 1, 0, 0, 0 ], [ 0, 1, 0, 0 ], [ 0, 0, 1, 0 ], [ 0, 0, 0, 1 ] ]
CLASS n=2 order=3 size=40 fixed=9 real=false M=
[ [ 2, 1, 2, 2 ], [ 0, 2, 0, 0 ], [ 0, 2, 0, 1 ], [ 0, 1, 2, 1 ] ]
CLASS n=2 order=3 size=40 fixed=9 real=false M=
[ [ 1, 1, 2, 2 ], [ 0, 1, 0, 0 ], [ 0, 2, 2, 1 ], [ 0, 1, 2, 0 ] ]
CLASS n=2 order=9 size=2880 fixed=0 real=false M=
[ [ 0, 0, 2, 0 ], [ 2, 0, 1, 2 ], [ 0, 1, 1, 0 ], [ 2, 1, 1, 0 ] ]
CLASS n=2 order=9 size=2880 fixed=0 real=false M=
[ [ 0, 1, 1, 0 ], [ 2, 0, 2, 0 ], [ 1, 2, 1, 1 ], [ 1, 2, 0, 1 ] ]
CLASS n=2 order=2 size=45 fixed=13 real=true M=
[ [ 1, 0, 1, 1 ], [ 0, 1, 0, 0 ], [ 0, 2, 2, 0 ], [ 0, 1, 0, 2 ] ]
CLASS n=2 order=4 size=540 fixed=1 real=true M=
[ [ 2, 1, 2, 2 ], [ 1, 1, 2, 2 ], [ 1, 0, 0, 2 ], [ 2, 0, 1, 2 ] ]
CLASS n=2 order=6 size=360 fixed=1 real=false M=
[ [ 2, 0, 2, 2 ], [ 0, 2, 0, 0 ], [ 0, 1, 0, 2 ], [ 0, 2, 1, 2 ] ]
CLASS n=2 order=6 size=360 fixed=1 real=false M=
[ [ 2, 0, 2, 2 ], [ 0, 2, 0, 0 ], [ 0, 1, 2, 1 ], [ 0, 2, 2, 0 ] ]
CLASS n=2 order=12 size=2160 fixed=1 real=false M=
[ [ 1, 2, 0, 0 ], [ 2, 2, 1, 1 ], [ 2, 1, 0, 2 ], [ 1, 2, 1, 2 ] ]
CLASS n=2 order=12 size=2160 fixed=1 real=false M=
[ [ 1, 2, 0, 0 ], [ 2, 2, 1, 1 ], [ 2, 1, 1, 0 ], [ 1, 2, 0, 1 ] ]
CLASS n=2 order=3 size=480 fixed=3 real=true M=
[ [ 1, 0, 1, 0 ], [ 0, 0, 1, 1 ], [ 2, 0, 0, 0 ], [ 1, 2, 1, 1 ] ]
CLASS n=2 order=2 size=270 fixed=5 real=true M=
[ [ 1, 0, 1, 1 ], [ 0, 2, 2, 1 ], [ 2, 1, 0, 2 ], [ 2, 2, 2, 0 ] ]
CLASS n=2 order=3 size=240 fixed=6 real=true M=
[ [ 1, 0, 0, 0 ], [ 1, 1, 2, 2 ], [ 1, 0, 2, 1 ], [ 2, 0, 2, 0 ] ]
CLASS n=2 order=6 size=2160 fixed=2 real=true M=
[ [ 1, 0, 1, 1 ], [ 0, 2, 0, 2 ], [ 0, 1, 0, 2 ], [ 1, 2, 2, 0 ] ]
CLASS n=2 order=6 size=720 fixed=4 real=false M=
[ [ 2, 0, 0, 0 ], [ 0, 2, 0, 2 ], [ 0, 0, 0, 2 ], [ 2, 0, 1, 2 ] ]
CLASS n=2 order=6 size=720 fixed=4 real=false M=
[ [ 2, 0, 0, 0 ], [ 0, 2, 1, 0 ], [ 2, 0, 2, 1 ], [ 0, 0, 2, 0 ] ]
CLASS n=2 order=5 size=5184 fixed=0 real=true M=
[ [ 0, 2, 0, 2 ], [ 0, 0, 1, 0 ], [ 2, 0, 1, 0 ], [ 1, 2, 2, 0 ] ]
CLASS n=2 order=4 size=3240 fixed=1 real=true M=
[ [ 2, 2, 0, 1 ], [ 1, 2, 1, 0 ], [ 1, 0, 1, 2 ], [ 0, 2, 1, 1 ] ]
CLASS n=2 order=6 size=1440 fixed=1 real=true M=
[ [ 0, 1, 2, 1 ], [ 0, 0, 1, 1 ], [ 1, 2, 1, 1 ], [ 2, 2, 2, 2 ] ]
BASISCHECK n=3 [ [ 0, 1, 0, 0, 0, 0 ], [ 2, 0, 0, 0, 0, 0 ], 
  [ 0, 0, 0, 1, 0, 0 ], [ 0, 0, 2, 0, 0, 0 ], [ 0, 0, 0, 0, 0, 1 ], 
  [ 0, 0, 0, 0, 2, 0 ] ]
n=3 |PSp|=4585351680 factorisations=110565 classes=74
CLASS n=3 order=1 size=1 fixed=110565 real=true M=
[ [ 1, 0, 0, 0, 0, 0 ], [ 0, 1, 0, 0, 0, 0 ], [ 0, 0, 1, 0, 0, 0 ], 
  [ 0, 0, 0, 1, 0, 0 ], [ 0, 0, 0, 0, 1, 0 ], [ 0, 0, 0, 0, 0, 1 ] ]
CLASS n=3 order=2 size=7371 fixed=1125 real=true M=
[ [ 0, 0, 1, 2, 1, 0 ], [ 0, 0, 0, 2, 0, 2 ], [ 2, 1, 2, 0, 1, 1 ], 
  [ 0, 1, 0, 2, 0, 1 ], [ 2, 0, 1, 2, 2, 0 ], [ 0, 1, 0, 1, 0, 2 ] ]
CLASS n=3 order=3 size=364 fixed=3645 real=false M=
[ [ 1, 2, 1, 1, 1, 2 ], [ 1, 0, 2, 2, 2, 1 ], [ 1, 1, 1, 2, 2, 1 ], 
  [ 2, 2, 1, 0, 1, 2 ], [ 2, 2, 1, 1, 0, 2 ], [ 2, 2, 1, 1, 1, 1 ] ]
CLASS n=3 order=3 size=364 fixed=3645 real=false M=
[ [ 0, 1, 2, 2, 2, 1 ], [ 2, 1, 1, 1, 1, 2 ], [ 2, 2, 0, 1, 1, 2 ], 
  [ 1, 1, 2, 1, 2, 1 ], [ 1, 1, 2, 2, 1, 1 ], [ 1, 1, 2, 2, 2, 0 ] ]
CLASS n=3 order=4 size=3980340 fixed=5 real=true M=
[ [ 2, 2, 1, 1, 2, 0 ], [ 1, 0, 0, 2, 2, 2 ], [ 0, 2, 0, 0, 2, 1 ], 
  [ 0, 0, 1, 1, 2, 0 ], [ 0, 0, 1, 0, 1, 2 ], [ 2, 2, 2, 2, 2, 0 ] ]
CLASS n=3 order=6 size=29484 fixed=45 real=false M=
[ [ 1, 1, 0, 1, 0, 1 ], [ 2, 2, 1, 0, 1, 1 ], [ 1, 0, 0, 1, 2, 0 ], 
  [ 1, 2, 2, 1, 2, 2 ], [ 0, 1, 0, 1, 1, 1 ], [ 1, 2, 2, 0, 2, 0 ] ]
CLASS n=3 order=6 size=29484 fixed=45 real=false M=
[ [ 1, 1, 1, 0, 1, 1 ], [ 2, 2, 1, 2, 1, 0 ], [ 0, 1, 2, 1, 0, 1 ], 
  [ 1, 0, 2, 0, 2, 0 ], [ 2, 1, 1, 0, 0, 1 ], [ 1, 0, 2, 1, 2, 2 ] ]
CLASS n=3 order=12 size=15921360 fixed=5 real=false M=
[ [ 1, 0, 2, 1, 0, 1 ], [ 0, 0, 1, 1, 0, 2 ], [ 0, 0, 0, 1, 2, 2 ], 
  [ 1, 0, 0, 2, 1, 0 ], [ 2, 1, 2, 0, 2, 0 ], [ 0, 2, 1, 0, 1, 0 ] ]
CLASS n=3 order=12 size=15921360 fixed=5 real=false M=
[ [ 2, 1, 1, 0, 2, 2 ], [ 2, 2, 2, 2, 1, 1 ], [ 2, 2, 1, 2, 0, 1 ], 
  [ 2, 1, 2, 1, 0, 1 ], [ 0, 2, 1, 2, 1, 1 ], [ 1, 0, 0, 2, 0, 1 ] ]
CLASS n=3 order=3 size=262080 fixed=108 real=false M=
[ [ 0, 0, 2, 2, 1, 0 ], [ 1, 2, 0, 1, 0, 2 ], [ 2, 2, 2, 1, 1, 2 ], 
  [ 0, 1, 0, 0, 2, 0 ], [ 1, 0, 0, 2, 2, 2 ], [ 0, 2, 2, 2, 0, 0 ] ]
CLASS n=3 order=3 size=262080 fixed=108 real=false M=
[ [ 2, 0, 1, 1, 2, 0 ], [ 2, 0, 0, 2, 0, 1 ], [ 1, 1, 0, 2, 2, 1 ], 
  [ 0, 2, 0, 2, 1, 0 ], [ 2, 0, 0, 1, 0, 1 ], [ 0, 1, 1, 1, 0, 2 ] ]
CLASS n=3 order=6 size=7076160 fixed=24 real=false M=
[ [ 0, 2, 0, 1, 1, 2 ], [ 0, 0, 2, 0, 2, 1 ], [ 1, 0, 0, 1, 2, 0 ], 
  [ 2, 2, 1, 1, 2, 0 ], [ 0, 2, 2, 1, 2, 0 ], [ 2, 1, 2, 0, 1, 2 ] ]
CLASS n=3 order=6 size=7076160 fixed=24 real=false M=
[ [ 0, 2, 1, 0, 2, 2 ], [ 0, 0, 2, 2, 2, 0 ], [ 0, 1, 2, 1, 0, 1 ], 
  [ 2, 0, 1, 0, 2, 1 ], [ 2, 2, 0, 0, 1, 0 ], [ 2, 2, 2, 1, 1, 1 ] ]
CLASS n=3 order=12 size=127370880 fixed=2 real=false M=
[ [ 0, 0, 0, 1, 0, 0 ], [ 0, 2, 2, 1, 2, 0 ], [ 0, 0, 0, 1, 2, 2 ], 
  [ 0, 1, 0, 2, 2, 1 ], [ 0, 2, 0, 0, 0, 0 ], [ 1, 2, 0, 0, 1, 1 ] ]
CLASS n=3 order=12 size=127370880 fixed=2 real=false M=
[ [ 0, 1, 0, 0, 2, 0 ], [ 2, 0, 1, 2, 2, 0 ], [ 2, 2, 1, 2, 0, 1 ], 
  [ 0, 0, 2, 1, 2, 0 ], [ 2, 1, 0, 2, 0, 1 ], [ 0, 0, 1, 2, 0, 0 ] ]
CLASS n=3 order=9 size=169827840 fixed=3 real=false M=
[ [ 0, 2, 1, 0, 1, 0 ], [ 0, 0, 2, 0, 1, 1 ], [ 0, 1, 2, 0, 0, 0 ], 
  [ 1, 1, 1, 1, 0, 1 ], [ 0, 2, 2, 0, 0, 0 ], [ 2, 0, 0, 1, 2, 0 ] ]
CLASS n=3 order=9 size=169827840 fixed=3 real=false M=
[ [ 0, 0, 1, 0, 1, 1 ], [ 1, 2, 0, 2, 1, 0 ], [ 0, 1, 0, 0, 2, 2 ], 
  [ 0, 2, 0, 1, 2, 1 ], [ 0, 1, 1, 0, 1, 1 ], [ 2, 0, 2, 2, 1, 2 ] ]
CLASS n=3 order=5 size=38211264 fixed=0 real=true M=
[ [ 2, 2, 0, 2, 1, 1 ], [ 0, 2, 1, 1, 1, 0 ], [ 0, 1, 1, 1, 0, 0 ], 
  [ 0, 2, 0, 1, 0, 2 ], [ 1, 0, 2, 0, 1, 1 ], [ 0, 0, 1, 1, 1, 0 ] ]
CLASS n=3 order=10 size=38211264 fixed=0 real=true M=
[ [ 2, 0, 2, 2, 2, 1 ], [ 2, 0, 0, 1, 2, 2 ], [ 2, 2, 1, 0, 1, 1 ], 
  [ 1, 1, 2, 1, 0, 0 ], [ 2, 0, 0, 1, 1, 1 ], [ 0, 2, 2, 0, 2, 1 ] ]
CLASS n=3 order=15 size=152845056 fixed=0 real=false M=
[ [ 1, 2, 0, 0, 0, 0 ], [ 2, 2, 0, 0, 2, 0 ], [ 1, 2, 2, 2, 2, 2 ], 
  [ 1, 2, 2, 2, 0, 2 ], [ 0, 0, 2, 2, 0, 0 ], [ 0, 0, 2, 1, 2, 0 ] ]
CLASS n=3 order=15 size=152845056 fixed=0 real=false M=
[ [ 1, 1, 0, 2, 0, 1 ], [ 2, 2, 0, 0, 2, 0 ], [ 1, 1, 2, 1, 2, 0 ], 
  [ 1, 2, 2, 2, 0, 2 ], [ 0, 1, 2, 0, 0, 2 ], [ 0, 0, 2, 1, 2, 0 ] ]
CLASS n=3 order=30 size=152845056 fixed=0 real=false M=
[ [ 0, 1, 2, 0, 1, 2 ], [ 2, 1, 1, 1, 0, 1 ], [ 2, 0, 2, 1, 0, 0 ], 
  [ 0, 1, 2, 2, 2, 0 ], [ 1, 0, 0, 0, 2, 2 ], [ 2, 1, 0, 2, 2, 2 ] ]
CLASS n=3 order=30 size=152845056 fixed=0 real=false M=
[ [ 0, 2, 2, 1, 1, 1 ], [ 2, 1, 1, 1, 0, 1 ], [ 2, 1, 2, 2, 0, 2 ], 
  [ 0, 1, 2, 2, 2, 0 ], [ 1, 2, 0, 2, 2, 0 ], [ 2, 1, 0, 2, 2, 2 ] ]
CLASS n=3 order=9 size=9434880 fixed=0 real=false M=
[ [ 1, 0, 0, 0, 1, 2 ], [ 1, 1, 0, 2, 1, 2 ], [ 2, 2, 2, 0, 2, 2 ], 
  [ 0, 0, 0, 1, 1, 2 ], [ 0, 0, 0, 1, 2, 1 ], [ 1, 2, 1, 2, 2, 2 ] ]
CLASS n=3 order=9 size=9434880 fixed=0 real=false M=
[ [ 0, 1, 2, 2, 1, 1 ], [ 1, 2, 2, 0, 1, 1 ], [ 1, 1, 0, 1, 1, 0 ], 
  [ 2, 1, 2, 0, 1, 1 ], [ 1, 2, 1, 2, 1, 0 ], [ 1, 2, 1, 0, 0, 0 ] ]
CLASS n=3 order=2 size=189540 fixed=189 real=true M=
[ [ 2, 0, 0, 1, 1, 0 ], [ 2, 1, 1, 1, 2, 0 ], [ 2, 1, 1, 0, 0, 2 ], 
  [ 1, 0, 2, 2, 0, 2 ], [ 0, 0, 1, 2, 1, 1 ], [ 2, 2, 0, 0, 1, 2 ] ]
CLASS n=3 order=3 size=4717440 fixed=27 real=true M=
[ [ 1, 0, 2, 1, 1, 1 ], [ 1, 1, 0, 0, 2, 2 ], [ 1, 2, 0, 0, 2, 0 ], 
  [ 1, 0, 0, 2, 1, 0 ], [ 0, 1, 1, 1, 0, 1 ], [ 1, 1, 0, 1, 2, 2 ] ]
CLASS n=3 order=6 size=127370880 fixed=3 real=true M=
[ [ 2, 2, 0, 1, 2, 2 ], [ 1, 0, 2, 0, 0, 1 ], [ 0, 1, 1, 2, 2, 0 ], 
  [ 0, 2, 1, 1, 1, 1 ], [ 0, 0, 2, 1, 2, 0 ], [ 2, 0, 1, 1, 2, 0 ] ]
CLASS n=3 order=9 size=2358720 fixed=0 real=false M=
[ [ 2, 2, 2, 1, 1, 0 ], [ 2, 1, 1, 0, 1, 1 ], [ 1, 2, 0, 0, 1, 1 ], 
  [ 1, 0, 2, 1, 2, 2 ], [ 2, 0, 1, 1, 2, 0 ], [ 0, 1, 0, 2, 1, 0 ] ]
CLASS n=3 order=9 size=2358720 fixed=0 real=false M=
[ [ 2, 2, 0, 2, 2, 0 ], [ 0, 1, 0, 1, 2, 1 ], [ 1, 1, 1, 2, 0, 1 ], 
  [ 0, 1, 0, 1, 1, 2 ], [ 2, 0, 1, 1, 0, 0 ], [ 0, 2, 0, 0, 2, 1 ] ]
CLASS n=3 order=6 size=294840 fixed=117 real=false M=
[ [ 1, 0, 1, 0, 1, 1 ], [ 2, 1, 0, 1, 0, 2 ], [ 2, 0, 2, 1, 1, 0 ], 
  [ 2, 1, 2, 0, 2, 1 ], [ 2, 2, 1, 0, 2, 0 ], [ 2, 1, 2, 2, 2, 2 ] ]
CLASS n=3 order=6 size=294840 fixed=117 real=false M=
[ [ 2, 0, 2, 0, 2, 2 ], [ 2, 2, 2, 1, 2, 1 ], [ 2, 0, 0, 1, 1, 0 ], 
  [ 0, 2, 2, 1, 2, 2 ], [ 1, 1, 2, 0, 1, 0 ], [ 0, 2, 2, 2, 2, 1 ] ]
CLASS n=3 order=9 size=9434880 fixed=0 real=false M=
[ [ 0, 0, 0, 2, 2, 1 ], [ 2, 0, 0, 1, 2, 0 ], [ 1, 1, 1, 2, 0, 1 ], 
  [ 0, 1, 0, 1, 1, 2 ], [ 0, 1, 1, 1, 0, 1 ], [ 0, 2, 0, 0, 2, 1 ] ]
CLASS n=3 order=9 size=9434880 fixed=0 real=false M=
[ [ 0, 0, 2, 1, 1, 1 ], [ 0, 0, 2, 1, 2, 0 ], [ 0, 2, 1, 1, 2, 1 ], 
  [ 2, 0, 1, 0, 1, 2 ], [ 0, 1, 1, 1, 2, 1 ], [ 1, 1, 2, 1, 0, 0 ] ]
CLASS n=3 order=18 size=84913920 fixed=0 real=false M=
[ [ 2, 2, 0, 2, 1, 0 ], [ 0, 1, 0, 0, 0, 2 ], [ 2, 1, 0, 0, 2, 2 ], 
  [ 1, 2, 1, 2, 1, 0 ], [ 0, 2, 1, 2, 0, 1 ], [ 2, 1, 0, 1, 2, 2 ] ]
CLASS n=3 order=18 size=84913920 fixed=0 real=false M=
[ [ 2, 2, 1, 1, 2, 2 ], [ 2, 1, 2, 2, 0, 0 ], [ 2, 2, 2, 1, 0, 2 ], 
  [ 1, 0, 0, 2, 2, 2 ], [ 1, 0, 0, 2, 1, 1 ], [ 1, 2, 0, 0, 1, 0 ] ]
CLASS n=3 order=18 size=84913920 fixed=0 real=false M=
[ [ 0, 2, 1, 1, 0, 2 ], [ 1, 2, 0, 1, 2, 2 ], [ 0, 2, 2, 1, 1, 1 ], 
  [ 0, 2, 1, 2, 2, 0 ], [ 1, 1, 0, 0, 2, 1 ], [ 0, 0, 1, 1, 0, 2 ] ]
CLASS n=3 order=18 size=84913920 fixed=0 real=false M=
[ [ 1, 2, 1, 2, 0, 1 ], [ 2, 0, 2, 2, 2, 2 ], [ 0, 1, 0, 0, 1, 0 ], 
  [ 2, 2, 2, 2, 2, 0 ], [ 1, 2, 0, 1, 1, 1 ], [ 1, 0, 0, 0, 1, 1 ] ]
CLASS n=3 order=6 size=14152320 fixed=12 real=false M=
[ [ 0, 1, 2, 1, 1, 2 ], [ 0, 1, 0, 0, 0, 1 ], [ 1, 0, 1, 2, 2, 2 ], 
  [ 0, 1, 2, 1, 0, 0 ], [ 1, 0, 2, 0, 2, 1 ], [ 2, 0, 2, 2, 1, 2 ] ]
CLASS n=3 order=6 size=14152320 fixed=12 real=false M=
[ [ 2, 1, 2, 0, 0, 0 ], [ 0, 0, 0, 2, 2, 2 ], [ 0, 1, 2, 2, 1, 0 ], 
  [ 0, 1, 2, 2, 2, 1 ], [ 2, 2, 0, 2, 1, 1 ], [ 0, 2, 0, 1, 1, 1 ] ]
CLASS n=3 order=3 size=43680 fixed=243 real=true M=
[ [ 1, 0, 1, 2, 1, 1 ], [ 0, 1, 1, 2, 1, 1 ], [ 1, 2, 1, 0, 2, 2 ], 
  [ 1, 2, 0, 1, 2, 2 ], [ 2, 1, 1, 2, 0, 2 ], [ 1, 2, 2, 1, 1, 2 ] ]
CLASS n=3 order=6 size=1179360 fixed=9 real=false M=
[ [ 0, 2, 1, 1, 0, 2 ], [ 1, 0, 0, 0, 0, 1 ], [ 2, 0, 0, 1, 0, 0 ], 
  [ 1, 0, 2, 1, 0, 0 ], [ 1, 2, 1, 1, 2, 2 ], [ 1, 2, 1, 1, 2, 1 ] ]
CLASS n=3 order=6 size=1179360 fixed=9 real=false M=
[ [ 0, 1, 0, 0, 2, 1 ], [ 2, 0, 2, 2, 2, 1 ], [ 0, 2, 1, 2, 1, 2 ], 
  [ 0, 1, 1, 0, 2, 1 ], [ 1, 1, 0, 0, 1, 1 ], [ 0, 0, 0, 0, 1, 2 ] ]
CLASS n=3 order=3 size=21840 fixed=486 real=true M=
[ [ 2, 2, 2, 2, 1, 1 ], [ 1, 2, 2, 2, 0, 2 ], [ 1, 2, 0, 1, 1, 0 ], 
  [ 2, 1, 2, 1, 2, 0 ], [ 1, 1, 0, 0, 1, 1 ], [ 0, 2, 2, 2, 1, 0 ] ]
CLASS n=3 order=4 size=44226 fixed=45 real=true M=
[ [ 1, 1, 2, 0, 1, 2 ], [ 0, 1, 0, 0, 0, 0 ], [ 0, 0, 1, 0, 0, 0 ], 
  [ 0, 1, 2, 1, 1, 2 ], [ 0, 1, 2, 0, 1, 1 ], [ 0, 0, 0, 0, 1, 2 ] ]
CLASS n=3 order=6 size=3538080 fixed=3 real=true M=
[ [ 2, 0, 2, 1, 1, 1 ], [ 0, 2, 2, 1, 2, 2 ], [ 2, 1, 2, 0, 1, 1 ], 
  [ 2, 1, 0, 2, 0, 0 ], [ 1, 0, 1, 1, 2, 1 ], [ 2, 0, 2, 2, 2, 0 ] ]
CLASS n=3 order=12 size=21228480 fixed=3 real=true M=
[ [ 2, 1, 0, 2, 1, 2 ], [ 0, 2, 1, 2, 1, 1 ], [ 1, 2, 2, 0, 2, 2 ], 
  [ 1, 0, 2, 2, 2, 0 ], [ 2, 0, 2, 2, 0, 0 ], [ 1, 1, 0, 1, 2, 0 ] ]
CLASS n=3 order=12 size=1769040 fixed=9 real=false M=
[ [ 1, 2, 0, 2, 2, 0 ], [ 2, 0, 1, 2, 2, 2 ], [ 1, 2, 1, 1, 1, 1 ], 
  [ 1, 0, 1, 0, 1, 2 ], [ 1, 1, 0, 1, 2, 2 ], [ 2, 0, 2, 2, 0, 1 ] ]
CLASS n=3 order=12 size=1769040 fixed=9 real=false M=
[ [ 0, 0, 1, 1, 1, 2 ], [ 1, 1, 2, 1, 1, 1 ], [ 2, 1, 0, 2, 2, 2 ], 
  [ 2, 2, 0, 1, 2, 0 ], [ 2, 0, 2, 2, 0, 0 ], [ 1, 1, 0, 1, 2, 0 ] ]
CLASS n=3 order=4 size=1990170 fixed=13 real=true M=
[ [ 2, 0, 0, 0, 2, 2 ], [ 2, 2, 1, 1, 0, 0 ], [ 1, 0, 2, 1, 1, 1 ], 
  [ 0, 0, 1, 1, 0, 0 ], [ 1, 1, 0, 0, 0, 2 ], [ 2, 2, 0, 0, 1, 2 ] ]
CLASS n=3 order=6 size=1179360 fixed=36 real=false M=
[ [ 1, 1, 1, 2, 2, 2 ], [ 0, 1, 0, 0, 0, 0 ], [ 0, 2, 0, 1, 2, 2 ], 
  [ 0, 2, 2, 2, 0, 0 ], [ 0, 0, 2, 2, 2, 0 ], [ 0, 0, 1, 1, 0, 2 ] ]
CLASS n=3 order=6 size=1179360 fixed=36 real=false M=
[ [ 2, 1, 1, 2, 0, 0 ], [ 0, 2, 0, 0, 0, 0 ], [ 0, 2, 1, 1, 2, 2 ], 
  [ 0, 2, 2, 0, 1, 1 ], [ 0, 2, 0, 2, 1, 0 ], [ 0, 1, 0, 1, 0, 1 ] ]
CLASS n=3 order=6 size=1769040 fixed=6 real=true M=
[ [ 1, 1, 2, 1, 2, 2 ], [ 0, 1, 2, 1, 2, 2 ], [ 1, 0, 1, 1, 1, 1 ], 
  [ 1, 0, 2, 0, 0, 0 ], [ 2, 0, 2, 0, 0, 2 ], [ 1, 0, 1, 0, 1, 2 ] ]
CLASS n=3 order=12 size=10614240 fixed=6 real=true M=
[ [ 1, 0, 1, 1, 0, 0 ], [ 1, 0, 0, 1, 1, 1 ], [ 1, 0, 0, 0, 2, 2 ], 
  [ 2, 1, 1, 0, 0, 0 ], [ 0, 1, 2, 1, 2, 0 ], [ 0, 2, 1, 2, 0, 2 ] ]
CLASS n=3 order=12 size=15921360 fixed=1 real=false M=
[ [ 1, 2, 0, 0, 2, 0 ], [ 2, 2, 2, 0, 0, 0 ], [ 0, 1, 2, 2, 2, 1 ], 
  [ 2, 2, 0, 0, 2, 1 ], [ 1, 1, 1, 0, 1, 2 ], [ 2, 1, 1, 1, 1, 0 ] ]
CLASS n=3 order=12 size=15921360 fixed=1 real=false M=
[ [ 1, 0, 1, 2, 2, 0 ], [ 2, 2, 2, 0, 0, 0 ], [ 0, 0, 1, 0, 2, 1 ], 
  [ 2, 1, 2, 1, 2, 1 ], [ 1, 1, 1, 0, 1, 2 ], [ 2, 1, 1, 1, 1, 0 ] ]
CLASS n=3 order=18 size=21228480 fixed=0 real=false M=
[ [ 1, 0, 2, 0, 0, 0 ], [ 1, 1, 0, 0, 2, 2 ], [ 1, 1, 0, 1, 1, 1 ], 
  [ 0, 0, 2, 0, 1, 1 ], [ 0, 2, 1, 2, 2, 1 ], [ 0, 1, 2, 1, 2, 0 ] ]
CLASS n=3 order=18 size=21228480 fixed=0 real=false M=
[ [ 0, 1, 1, 1, 0, 0 ], [ 1, 2, 1, 0, 2, 2 ], [ 1, 2, 2, 0, 2, 2 ], 
  [ 1, 1, 0, 1, 2, 2 ], [ 0, 2, 0, 0, 1, 0 ], [ 0, 1, 0, 0, 0, 1 ] ]
CLASS n=3 order=36 size=127370880 fixed=0 real=false M=
[ [ 2, 1, 0, 0, 2, 1 ], [ 0, 0, 2, 2, 1, 1 ], [ 2, 1, 1, 1, 0, 0 ], 
  [ 2, 2, 0, 2, 0, 2 ], [ 1, 2, 1, 1, 0, 0 ], [ 2, 0, 0, 2, 1, 0 ] ]
CLASS n=3 order=36 size=127370880 fixed=0 real=false M=
[ [ 2, 1, 0, 0, 0, 1 ], [ 2, 2, 0, 0, 1, 1 ], [ 2, 2, 0, 2, 2, 2 ], 
  [ 0, 1, 0, 0, 2, 0 ], [ 0, 0, 0, 1, 0, 0 ], [ 0, 1, 2, 2, 2, 0 ] ]
CLASS n=3 order=8 size=143292240 fixed=1 real=true M=
[ [ 0, 0, 1, 1, 2, 0 ], [ 2, 1, 2, 2, 1, 2 ], [ 1, 2, 0, 2, 0, 2 ], 
  [ 0, 1, 2, 2, 1, 0 ], [ 0, 0, 0, 2, 0, 2 ], [ 0, 2, 2, 2, 2, 0 ] ]
CLASS n=3 order=13 size=352719360 fixed=0 real=true M=
[ [ 1, 1, 2, 1, 0, 2 ], [ 0, 2, 0, 2, 1, 1 ], [ 2, 0, 0, 1, 0, 1 ], 
  [ 0, 2, 1, 0, 2, 1 ], [ 2, 2, 0, 1, 1, 2 ], [ 2, 1, 2, 0, 0, 2 ] ]
CLASS n=3 order=13 size=352719360 fixed=0 real=true M=
[ [ 0, 1, 0, 2, 0, 2 ], [ 1, 0, 0, 2, 2, 1 ], [ 2, 1, 1, 1, 1, 1 ], 
  [ 2, 0, 1, 2, 1, 0 ], [ 1, 0, 1, 1, 0, 1 ], [ 0, 1, 0, 0, 0, 1 ] ]
CLASS n=3 order=7 size=327525120 fixed=0 real=true M=
[ [ 1, 0, 1, 1, 1, 0 ], [ 0, 1, 1, 0, 0, 1 ], [ 0, 0, 2, 1, 1, 1 ], 
  [ 2, 1, 1, 2, 0, 1 ], [ 0, 0, 0, 1, 1, 2 ], [ 1, 1, 1, 0, 2, 0 ] ]
CLASS n=3 order=14 size=327525120 fixed=0 real=true M=
[ [ 2, 1, 2, 0, 1, 0 ], [ 0, 0, 2, 0, 0, 1 ], [ 2, 0, 1, 1, 2, 0 ], 
  [ 2, 2, 2, 2, 1, 0 ], [ 2, 1, 2, 2, 1, 2 ], [ 2, 1, 2, 1, 2, 1 ] ]
CLASS n=3 order=8 size=47764080 fixed=1 real=true M=
[ [ 1, 1, 1, 2, 0, 0 ], [ 1, 0, 1, 1, 1, 0 ], [ 0, 2, 1, 0, 0, 2 ], 
  [ 2, 0, 2, 0, 2, 2 ], [ 2, 1, 1, 0, 1, 0 ], [ 0, 0, 1, 2, 1, 2 ] ]
CLASS n=3 order=12 size=31842720 fixed=4 real=false M=
[ [ 2, 2, 2, 2, 1, 1 ], [ 2, 0, 2, 0, 1, 1 ], [ 1, 0, 2, 0, 2, 2 ], 
  [ 0, 2, 0, 1, 1, 1 ], [ 1, 1, 2, 0, 0, 1 ], [ 2, 2, 1, 0, 2, 1 ] ]
CLASS n=3 order=12 size=31842720 fixed=4 real=false M=
[ [ 2, 0, 0, 1, 2, 2 ], [ 2, 0, 2, 0, 1, 1 ], [ 1, 2, 1, 1, 1, 1 ], 
  [ 0, 1, 2, 2, 0, 0 ], [ 1, 2, 0, 2, 0, 1 ], [ 2, 1, 0, 1, 2, 1 ] ]
CLASS n=3 order=12 size=63685440 fixed=1 real=true M=
[ [ 1, 0, 2, 0, 0, 0 ], [ 1, 1, 1, 0, 2, 2 ], [ 1, 2, 1, 2, 0, 0 ], 
  [ 2, 1, 0, 1, 1, 1 ], [ 0, 1, 1, 1, 1, 0 ], [ 0, 2, 2, 2, 0, 1 ] ]
CLASS n=3 order=24 size=191056320 fixed=1 real=false M=
[ [ 2, 1, 2, 2, 0, 1 ], [ 0, 1, 2, 1, 2, 2 ], [ 0, 0, 2, 1, 1, 1 ], 
  [ 2, 2, 0, 0, 2, 0 ], [ 2, 0, 2, 0, 0, 2 ], [ 1, 1, 1, 0, 2, 0 ] ]
CLASS n=3 order=24 size=191056320 fixed=1 real=false M=
[ [ 2, 1, 2, 2, 0, 1 ], [ 1, 1, 2, 0, 2, 0 ], [ 1, 0, 2, 0, 1, 2 ], 
  [ 2, 2, 0, 0, 2, 0 ], [ 1, 0, 2, 1, 0, 1 ], [ 1, 1, 1, 0, 2, 0 ] ]
CLASS n=3 order=12 size=31842720 fixed=2 real=true M=
[ [ 0, 2, 0, 1, 2, 1 ], [ 1, 1, 2, 2, 0, 1 ], [ 0, 2, 0, 0, 2, 1 ], 
  [ 1, 2, 1, 1, 1, 2 ], [ 2, 2, 0, 0, 0, 2 ], [ 1, 2, 0, 2, 2, 2 ] ]
CLASS n=3 order=6 size=10614240 fixed=18 real=true M=
[ [ 1, 0, 2, 0, 2, 0 ], [ 1, 1, 0, 0, 0, 0 ], [ 0, 0, 0, 2, 1, 1 ], 
  [ 2, 2, 1, 0, 2, 2 ], [ 1, 1, 2, 1, 2, 0 ], [ 1, 1, 1, 2, 0, 2 ] ]
CLASS n=3 order=20 size=229267584 fixed=0 real=true M=
[ [ 2, 0, 0, 0, 1, 2 ], [ 0, 0, 0, 0, 0, 1 ], [ 1, 0, 1, 0, 0, 0 ], 
  [ 2, 0, 2, 1, 0, 0 ], [ 1, 0, 0, 0, 0, 0 ], [ 1, 1, 0, 2, 0, 1 ] ]
