n=2 |PGSp|=51840 |PSp|=25920 outer classes=10
OUTER n=2 order=2 size=36 M=[ [ 0, 0, 2, 0 ], [ 0, 0, 0, 1 ], [ 1, 0, 0, 0 ], 
  [ 0, 2, 0, 0 ] ]
OUTER n=2 order=10 size=5184 M=[ [ 1, 2, 0, 1 ], [ 2, 0, 0, 2 ], 
  [ 0, 1, 1, 1 ], [ 0, 1, 1, 0 ] ]
OUTER n=2 order=2 size=540 M=[ [ 1, 0, 0, 0 ], [ 2, 2, 2, 2 ], 
  [ 1, 0, 1, 2 ], [ 2, 0, 0, 2 ] ]
OUTER n=2 order=6 size=4320 M=[ [ 2, 0, 0, 0 ], [ 1, 1, 1, 2 ], 
  [ 0, 0, 2, 1 ], [ 1, 0, 0, 1 ] ]
OUTER n=2 order=6 size=1440 M=[ [ 2, 1, 1, 1 ], [ 2, 0, 2, 0 ], 
  [ 0, 2, 2, 1 ], [ 1, 1, 0, 2 ] ]
OUTER n=2 order=4 size=540 M=[ [ 2, 1, 1, 0 ], [ 1, 2, 2, 2 ], 
  [ 1, 0, 0, 1 ], [ 2, 2, 0, 1 ] ]
OUTER n=2 order=12 size=4320 M=[ [ 2, 2, 1, 2 ], [ 0, 0, 2, 0 ], 
  [ 1, 0, 2, 0 ], [ 2, 2, 0, 0 ] ]
OUTER n=2 order=4 size=1620 M=[ [ 2, 0, 2, 1 ], [ 2, 0, 2, 2 ], 
  [ 1, 0, 0, 0 ], [ 2, 2, 0, 1 ] ]
OUTER n=2 order=8 size=6480 M=[ [ 1, 1, 0, 2 ], [ 2, 1, 0, 2 ], 
  [ 2, 0, 2, 1 ], [ 0, 0, 0, 1 ] ]
OUTER n=2 order=6 size=1440 M=[ [ 1, 0, 0, 2 ], [ 0, 1, 1, 1 ], 
  [ 2, 1, 2, 1 ], [ 2, 0, 0, 2 ] ]
n=3 |PGSp|=9170703360 |PSp|=4585351680 outer classes=26
OUTER n=3 order=4 size=379080 M=[ [ 0, 1, 2, 1, 1, 0 ], [ 2, 2, 0, 1, 0, 2 ], 
  [ 2, 1, 0, 1, 2, 0 ], [ 0, 1, 2, 2, 0, 1 ], [ 1, 0, 2, 0, 1, 0 ], 
  [ 0, 2, 0, 1, 2, 1 ] ]
OUTER n=3 order=28 size=327525120 M=
[ [ 0, 2, 0, 0, 0, 2 ], [ 0, 0, 1, 1, 2, 1 ], [ 1, 1, 1, 0, 2, 0 ], 
  [ 1, 0, 1, 1, 2, 1 ], [ 1, 0, 2, 2, 2, 1 ], [ 0, 0, 0, 2, 0, 2 ] ]
OUTER n=3 order=28 size=327525120 M=
[ [ 2, 0, 0, 2, 2, 2 ], [ 2, 2, 1, 0, 2, 2 ], [ 1, 0, 1, 0, 0, 1 ], 
  [ 0, 1, 2, 2, 1, 2 ], [ 1, 2, 1, 0, 2, 1 ], [ 0, 0, 2, 2, 2, 1 ] ]
OUTER n=3 order=2 size=408240 M=[ [ 2, 0, 0, 2, 0, 1 ], [ 2, 1, 0, 1, 0, 2 ], 
  [ 2, 2, 2, 0, 0, 1 ], [ 0, 0, 0, 1, 0, 0 ], [ 1, 1, 0, 1, 2, 1 ], 
  [ 0, 0, 0, 0, 0, 1 ] ]
OUTER n=3 order=6 size=254741760 M=
[ [ 0, 2, 2, 2, 1, 0 ], [ 0, 1, 1, 2, 2, 0 ], [ 0, 0, 0, 1, 1, 1 ], 
  [ 1, 1, 0, 0, 0, 2 ], [ 2, 0, 0, 1, 2, 2 ], [ 1, 1, 0, 1, 0, 0 ] ]
OUTER n=3 order=4 size=3184272 M=
[ [ 1, 2, 1, 1, 0, 2 ], [ 0, 0, 1, 0, 0, 0 ], [ 0, 0, 2, 0, 2, 2 ], 
  [ 0, 2, 1, 0, 2, 0 ], [ 2, 0, 1, 0, 2, 2 ], [ 1, 1, 0, 0, 1, 1 ] ]
OUTER n=3 order=12 size=127370880 M=
[ [ 0, 2, 1, 0, 2, 0 ], [ 2, 2, 0, 1, 1, 1 ], [ 2, 1, 0, 2, 2, 1 ], 
  [ 1, 2, 1, 1, 0, 2 ], [ 0, 2, 0, 0, 1, 0 ], [ 0, 0, 2, 2, 0, 2 ] ]
OUTER n=3 order=8 size=47764080 M=
[ [ 1, 1, 2, 1, 0, 2 ], [ 0, 0, 0, 0, 2, 0 ], [ 0, 1, 0, 0, 2, 0 ], 
  [ 1, 0, 0, 1, 2, 0 ], [ 0, 2, 2, 0, 0, 0 ], [ 0, 2, 2, 1, 1, 0 ] ]
OUTER n=3 order=8 size=143292240 M=
[ [ 2, 0, 1, 0, 0, 0 ], [ 2, 2, 0, 1, 1, 2 ], [ 0, 2, 0, 2, 1, 1 ], 
  [ 0, 2, 1, 2, 1, 2 ], [ 0, 1, 2, 1, 1, 2 ], [ 2, 2, 1, 2, 2, 2 ] ]
OUTER n=3 order=12 size=21228480 M=
[ [ 2, 0, 1, 2, 2, 1 ], [ 1, 0, 2, 0, 1, 2 ], [ 1, 0, 0, 2, 1, 1 ], 
  [ 2, 2, 0, 2, 0, 0 ], [ 1, 1, 0, 1, 2, 1 ], [ 1, 1, 0, 2, 1, 0 ] ]
OUTER n=3 order=4 size=23882040 M=
[ [ 1, 0, 2, 0, 2, 1 ], [ 2, 0, 1, 1, 1, 2 ], [ 2, 0, 0, 2, 0, 1 ], 
  [ 1, 1, 0, 1, 0, 0 ], [ 1, 1, 0, 1, 2, 1 ], [ 2, 2, 0, 1, 1, 0 ] ]
OUTER n=3 order=12 size=191056320 M=
[ [ 1, 1, 1, 1, 2, 2 ], [ 0, 0, 2, 1, 1, 1 ], [ 1, 0, 1, 0, 1, 2 ], 
  [ 2, 2, 0, 0, 0, 0 ], [ 2, 2, 0, 2, 0, 2 ], [ 2, 2, 0, 0, 2, 2 ] ]
OUTER n=3 order=8 size=3184272 M=
[ [ 2, 2, 2, 0, 1, 0 ], [ 1, 2, 0, 0, 1, 0 ], [ 2, 1, 0, 1, 1, 0 ], 
  [ 1, 0, 2, 0, 2, 2 ], [ 0, 1, 1, 1, 2, 2 ], [ 2, 0, 2, 0, 1, 1 ] ]
OUTER n=3 order=20 size=458535168 M=
[ [ 0, 0, 1, 2, 0, 0 ], [ 1, 0, 2, 0, 2, 0 ], [ 1, 1, 2, 1, 2, 0 ], 
  [ 0, 2, 1, 2, 1, 0 ], [ 0, 0, 0, 0, 1, 0 ], [ 1, 0, 2, 1, 1, 2 ] ]
OUTER n=3 order=8 size=47764080 M=
[ [ 0, 0, 2, 1, 1, 0 ], [ 0, 2, 2, 2, 0, 0 ], [ 1, 1, 2, 0, 1, 2 ], 
  [ 1, 0, 0, 1, 0, 1 ], [ 0, 0, 2, 2, 1, 1 ], [ 2, 1, 0, 2, 1, 2 ] ]
OUTER n=3 order=24 size=382112640 M=
[ [ 2, 0, 1, 2, 0, 0 ], [ 0, 0, 1, 1, 2, 0 ], [ 2, 2, 2, 0, 1, 1 ], 
  [ 2, 0, 0, 0, 0, 0 ], [ 0, 0, 2, 1, 1, 2 ], [ 2, 0, 0, 0, 2, 0 ] ]
OUTER n=3 order=24 size=382112640 M=
[ [ 2, 1, 2, 2, 2, 0 ], [ 2, 0, 2, 1, 0, 0 ], [ 2, 2, 1, 0, 1, 0 ], 
  [ 1, 0, 2, 1, 0, 0 ], [ 0, 0, 0, 0, 2, 0 ], [ 2, 0, 0, 0, 0, 1 ] ]
OUTER n=3 order=24 size=127370880 M=
[ [ 1, 2, 2, 2, 1, 1 ], [ 1, 2, 1, 1, 1, 0 ], [ 0, 0, 1, 0, 2, 1 ], 
  [ 0, 2, 1, 0, 2, 2 ], [ 2, 0, 2, 1, 2, 2 ], [ 0, 1, 2, 2, 0, 2 ] ]
OUTER n=3 order=12 size=254741760 M=
[ [ 1, 2, 1, 2, 2, 0 ], [ 1, 1, 0, 0, 1, 0 ], [ 2, 0, 0, 0, 1, 2 ], 
  [ 0, 2, 0, 2, 0, 1 ], [ 1, 1, 0, 1, 1, 0 ], [ 1, 0, 1, 2, 2, 1 ] ]
OUTER n=3 order=12 size=127370880 M=
[ [ 2, 2, 2, 2, 1, 0 ], [ 2, 2, 1, 2, 1, 0 ], [ 1, 1, 0, 0, 1, 0 ], 
  [ 0, 1, 0, 0, 2, 1 ], [ 0, 1, 2, 0, 1, 2 ], [ 2, 1, 1, 0, 0, 1 ] ]
OUTER n=3 order=40 size=229267584 M=
[ [ 1, 2, 2, 2, 1, 1 ], [ 2, 1, 0, 0, 1, 0 ], [ 0, 1, 1, 0, 0, 1 ], 
  [ 0, 0, 2, 2, 0, 0 ], [ 1, 2, 1, 1, 0, 0 ], [ 1, 1, 2, 2, 1, 2 ] ]
OUTER n=3 order=40 size=229267584 M=
[ [ 1, 1, 0, 0, 1, 2 ], [ 1, 2, 2, 1, 1, 0 ], [ 1, 1, 1, 1, 0, 0 ], 
  [ 0, 2, 0, 0, 0, 1 ], [ 0, 1, 2, 1, 0, 2 ], [ 1, 1, 2, 2, 1, 2 ] ]
OUTER n=3 order=26 size=352719360 M=
[ [ 1, 1, 1, 1, 2, 1 ], [ 2, 1, 2, 2, 2, 1 ], [ 0, 2, 2, 0, 1, 2 ], 
  [ 0, 2, 0, 1, 2, 1 ], [ 1, 2, 2, 0, 0, 2 ], [ 2, 1, 1, 0, 2, 2 ] ]
OUTER n=3 order=26 size=352719360 M=
[ [ 2, 2, 2, 1, 1, 0 ], [ 2, 2, 2, 2, 2, 0 ], [ 0, 2, 0, 1, 2, 0 ], 
  [ 2, 0, 0, 2, 2, 0 ], [ 2, 0, 1, 2, 2, 1 ], [ 0, 0, 0, 0, 1, 0 ] ]
OUTER n=3 order=24 size=127370880 M=
[ [ 1, 0, 0, 2, 0, 1 ], [ 0, 0, 1, 1, 2, 2 ], [ 2, 2, 0, 0, 2, 2 ], 
  [ 0, 2, 0, 2, 2, 1 ], [ 1, 0, 0, 1, 0, 1 ], [ 0, 1, 2, 1, 0, 2 ] ]
OUTER n=3 order=6 size=42456960 M=
[ [ 2, 1, 2, 0, 2, 2 ], [ 2, 0, 0, 1, 0, 1 ], [ 0, 0, 0, 1, 0, 2 ], 
  [ 0, 1, 0, 0, 2, 1 ], [ 1, 2, 2, 2, 2, 0 ], [ 2, 2, 2, 2, 2, 2 ] ]
