0;12597120;[ [ [ 1, 1, 0, 0, 0, 0 ], [ 0, 1, 0, 0, 0, 0 ], [ 0, 0, 1, 0, 0, 0 ], [ 0, 0, 0, 1, 0, 0 ], [ 0, 0, 0, 0, 1, 0 ], [ 0, 0, 0, 0, 0, 1 ] ], [ [ 1, 0, 0, 0, 0, 0 ], [ 0, 1, 0, 0, 0, 0 ], [ 0, 0, 0, 1, 0, 0 ], [ 0, 0, 2, 0, 0, 0 ], [ 0, 0, 0, 0, 1, 0 ], [ 0, 0, 0, 0, 0, 1 ] ], [ [ 1, 0, 0, 0, 0, 0 ], [ 0, 1, 0, 0, 0, 0 ], [ 0, 0, 1, 1, 0, 0 ], [ 0, 0, 0, 1, 0, 0 ], [ 0, 0, 0, 0, 1, 0 ], [ 0, 0, 0, 0, 0, 1 ] ], [ [ 1, 0, 0, 0, 0, 0 ], [ 0, 1, 0, 0, 0, 0 ], [ 0, 0, 1, 0, 0, 0 ], [ 0, 0, 0, 1, 0, 0 ], [ 0, 0, 0, 0, 0, 1 ], [ 0, 0, 0, 0, 2, 0 ] ], [ [ 1, 0, 0, 0, 0, 0 ], [ 0, 1, 0, 0, 0, 0 ], [ 0, 0, 1, 0, 0, 0 ], [ 0, 0, 0, 1, 0, 0 ], [ 0, 0, 0, 0, 1, 1 ], [ 0, 0, 0, 0, 0, 1 ] ], [ [ 1, 0, 1, 0, 0, 0 ], [ 0, 1, 0, 0, 0, 0 ], [ 0, 0, 1, 0, 0, 0 ], [ 0, 2, 0, 1, 0, 0 ], [ 0, 0, 0, 0, 1, 0 ], [ 0, 0, 0, 0, 0, 1 ] ], [ [ 1, 0, 0, 0, 1, 0 ], [ 0, 1, 0, 0, 0, 0 ], [ 0, 0, 1, 0, 0, 0 ], [ 0, 0, 0, 1, 0, 0 ], [ 0, 0, 0, 0, 1, 0 ], [ 0, 2, 0, 0, 0, 1 ] ], [ [ 1, 0, 0, 0, 0, 0 ], [ 0, 1, 0, 0, 0, 0 ], [ 0, 0, 1, 0, 1, 0 ], [ 0, 0, 0, 1, 0, 0 ], [ 0, 0, 0, 0, 1, 0 ], [ 0, 0, 0, 2, 0, 1 ] ] ]
1;12597120;[ [ [ 1, 1, 0, 0, 0, 0 ], [ 0, 1, 0, 0, 0, 0 ], [ 0, 0, 1, 0, 0, 0 ], [ 0, 0, 0, 1, 0, 0 ], [ 0, 0, 0, 0, 1, 0 ], [ 0, 0, 0, 0, 0, 1 ] ], [ [ 1, 0, 0, 0, 0, 0 ], [ 0, 1, 0, 0, 0, 0 ], [ 0, 0, 0, 1, 0, 0 ], [ 0, 0, 2, 0, 0, 0 ], [ 0, 0, 0, 0, 1, 0 ], [ 0, 0, 0, 0, 0, 1 ] ], [ [ 1, 0, 0, 0, 0, 0 ], [ 0, 1, 0, 0, 0, 0 ], [ 0, 0, 1, 1, 0, 0 ], [ 0, 0, 0, 1, 0, 0 ], [ 0, 0, 0, 0, 1, 0 ], [ 0, 0, 0, 0, 0, 1 ] ], [ [ 1, 0, 0, 0, 0, 0 ], [ 0, 1, 0, 0, 0, 0 ], [ 0, 0, 1, 0, 0, 0 ], [ 0, 0, 0, 1, 0, 0 ], [ 0, 0, 0, 0, 0, 1 ], [ 0, 0, 0, 0, 2, 0 ] ], [ [ 1, 0, 0, 0, 0, 0 ], [ 0, 1, 0, 0, 0, 0 ], [ 0, 0, 1, 0, 0, 0 ], [ 0, 0, 0, 1, 0, 0 ], [ 0, 0, 0, 0, 1, 1 ], [ 0, 0, 0, 0, 0, 1 ] ], [ [ 1, 0, 1, 0, 0, 0 ], [ 0, 1, 0, 0, 0, 0 ], [ 0, 0, 1, 0, 0, 0 ], [ 0, 2, 0, 1, 0, 0 ], [ 0, 0, 0, 0, 1, 0 ], [ 0, 0, 0, 0, 0, 1 ] ], [ [ 1, 0, 0, 0, 1, 0 ], [ 0, 1, 0, 0, 0, 0 ], [ 0, 0, 1, 0, 0, 0 ], [ 0, 0, 0, 1, 0, 0 ], [ 0, 0, 0, 0, 1, 0 ], [ 0, 2, 0, 0, 0, 1 ] ], [ [ 1, 0, 0, 0, 0, 0 ], [ 0, 1, 0, 0, 0, 0 ], [ 0, 0, 1, 0, 1, 0 ], [ 0, 0, 0, 1, 0, 0 ], [ 0, 0, 0, 0, 1, 0 ], [ 0, 0, 0, 2, 0, 1 ] ] ]
114;1944;[ [ [ 1, 0, 0, 0, 0, 0 ], [ 0, 1, 0, 0, 0, 0 ], [ 0, 0, 1, 2, 1, 1 ], [ 0, 0, 0, 1, 0, 0 ], [ 0, 0, 0, 1, 0, 2 ], [ 0, 0, 0, 2, 1, 2 ] ], [ [ 1, 0, 0, 2, 1, 1 ], [ 0, 1, 0, 0, 0, 0 ], [ 0, 1, 1, 2, 2, 0 ], [ 0, 0, 0, 1, 0, 0 ], [ 0, 2, 0, 2, 1, 2 ], [ 0, 1, 0, 0, 1, 0 ] ], [ [ 1, 2, 0, 0, 2, 1 ], [ 0, 1, 0, 0, 0, 0 ], [ 0, 1, 1, 1, 0, 1 ], [ 0, 0, 0, 1, 0, 0 ], [ 0, 0, 0, 2, 2, 1 ], [ 0, 2, 0, 1, 1, 1 ] ], [ [ 1, 0, 0, 0, 0, 0 ], [ 0, 1, 0, 0, 0, 0 ], [ 0, 0, 1, 1, 2, 2 ], [ 0, 0, 1, 0, 2, 0 ], [ 0, 0, 1, 1, 1, 1 ], [ 0, 0, 1, 0, 1, 0 ] ], [ [ 1, 1, 1, 1, 2, 2 ], [ 0, 1, 0, 0, 0, 0 ], [ 0, 0, 0, 2, 0, 2 ], [ 0, 0, 1, 0, 0, 2 ], [ 0, 1, 2, 2, 1, 2 ], [ 0, 1, 0, 0, 0, 1 ] ] ]
115;15552;[ [ [ 1, 0, 2, 2, 0, 1 ], [ 0, 1, 0, 0, 0, 0 ], [ 0, 1, 0, 0, 1, 2 ], [ 0, 2, 0, 0, 2, 2 ], [ 0, 2, 2, 1, 0, 0 ], [ 0, 0, 1, 1, 0, 0 ] ], [ [ 1, 1, 0, 0, 0, 0 ], [ 0, 1, 0, 0, 0, 0 ], [ 0, 0, 1, 0, 0, 0 ], [ 0, 0, 0, 1, 0, 0 ], [ 0, 0, 0, 0, 1, 0 ], [ 0, 0, 0, 0, 0, 1 ] ], [ [ 1, 2, 2, 1, 1, 0 ], [ 0, 1, 0, 0, 0, 0 ], [ 0, 1, 2, 2, 2, 0 ], [ 0, 1, 1, 0, 2, 0 ], [ 0, 0, 0, 0, 1, 0 ], [ 0, 2, 2, 1, 1, 1 ] ], [ [ 1, 1, 0, 1, 0, 1 ], [ 0, 1, 0, 0, 0, 0 ], [ 0, 1, 2, 2, 2, 0 ], [ 0, 0, 2, 0, 1, 1 ], [ 0, 1, 2, 0, 2, 2 ], [ 0, 0, 1, 1, 2, 0 ] ], [ [ 1, 0, 1, 2, 2, 0 ], [ 0, 1, 0, 0, 0, 0 ], [ 0, 2, 2, 2, 2, 0 ], [ 0, 2, 1, 0, 2, 0 ], [ 0, 0, 0, 0, 1, 0 ], [ 0, 1, 2, 1, 1, 1 ] ], [ [ 1, 1, 1, 2, 1, 0 ], [ 0, 1, 0, 0, 0, 0 ], [ 0, 2, 1, 2, 2, 1 ], [ 0, 2, 1, 0, 0, 0 ], [ 0, 0, 1, 0, 2, 2 ], [ 0, 2, 2, 0, 0, 2 ] ] ]
116;155520;[ [ [ 1, 1, 0, 0, 0, 0 ], [ 0, 1, 0, 0, 0, 0 ], [ 0, 0, 1, 0, 0, 0 ], [ 0, 0, 0, 1, 0, 0 ], [ 0, 0, 0, 0, 1, 0 ], [ 0, 0, 0, 0, 0, 1 ] ], [ [ 1, 0, 0, 0, 0, 0 ], [ 0, 1, 0, 0, 0, 0 ], [ 0, 0, 1, 0, 0, 0 ], [ 0, 0, 0, 1, 0, 0 ], [ 0, 0, 0, 0, 1, 1 ], [ 0, 0, 0, 0, 0, 1 ] ], [ [ 1, 0, 0, 0, 0, 0 ], [ 0, 1, 0, 0, 0, 0 ], [ 0, 0, 0, 1, 1, 0 ], [ 0, 0, 2, 2, 1, 0 ], [ 0, 0, 0, 0, 1, 0 ], [ 0, 0, 1, 2, 2, 1 ] ], [ [ 1, 1, 1, 2, 0, 0 ], [ 0, 1, 0, 0, 0, 0 ], [ 0, 2, 0, 1, 0, 0 ], [ 0, 2, 2, 2, 0, 0 ], [ 0, 0, 0, 0, 1, 0 ], [ 0, 0, 0, 0, 0, 1 ] ], [ [ 1, 1, 2, 1, 2, 0 ], [ 0, 1, 0, 0, 0, 0 ], [ 0, 1, 2, 2, 0, 0 ], [ 0, 1, 1, 0, 0, 0 ], [ 0, 0, 0, 0, 1, 0 ], [ 0, 1, 0, 0, 1, 1 ] ], [ [ 1, 1, 2, 1, 2, 0 ], [ 0, 1, 0, 0, 0, 0 ], [ 0, 1, 2, 1, 2, 1 ], [ 0, 1, 0, 1, 1, 0 ], [ 0, 0, 2, 2, 0, 2 ], [ 0, 1, 0, 1, 2, 0 ] ] ]
117;1944;[ [ [ 1, 0, 0, 0, 0, 0 ], [ 0, 1, 0, 0, 0, 0 ], [ 0, 0, 1, 2, 1, 1 ], [ 0, 0, 0, 1, 0, 0 ], [ 0, 0, 0, 1, 0, 2 ], [ 0, 0, 0, 2, 1, 2 ] ], [ [ 1, 2, 0, 1, 1, 0 ], [ 0, 1, 0, 0, 0, 0 ], [ 0, 1, 1, 2, 2, 0 ], [ 0, 0, 0, 1, 0, 0 ], [ 0, 0, 0, 0, 1, 0 ], [ 0, 2, 0, 1, 1, 1 ] ], [ [ 1, 2, 2, 0, 0, 0 ], [ 0, 1, 0, 0, 0, 0 ], [ 0, 1, 0, 1, 2, 2 ], [ 0, 0, 0, 0, 0, 2 ], [ 0, 1, 1, 1, 0, 2 ], [ 0, 0, 2, 0, 0, 1 ] ] ]
118;15552;[ [ [ 1, 1, 0, 0, 0, 0 ], [ 0, 1, 0, 0, 0, 0 ], [ 0, 0, 1, 0, 0, 0 ], [ 0, 0, 0, 1, 0, 0 ], [ 0, 0, 0, 0, 1, 0 ], [ 0, 0, 0, 0, 0, 1 ] ], [ [ 1, 2, 0, 2, 1, 1 ], [ 0, 1, 0, 0, 0, 0 ], [ 0, 2, 1, 2, 1, 1 ], [ 0, 0, 0, 1, 0, 0 ], [ 0, 1, 0, 1, 0, 2 ], [ 0, 2, 0, 2, 1, 2 ] ], [ [ 1, 0, 0, 0, 1, 1 ], [ 0, 1, 0, 0, 0, 0 ], [ 0, 0, 1, 2, 2, 2 ], [ 0, 0, 0, 1, 0, 0 ], [ 0, 1, 0, 2, 0, 2 ], [ 0, 2, 0, 1, 1, 2 ] ], [ [ 1, 0, 0, 0, 1, 1 ], [ 0, 1, 0, 0, 0, 0 ], [ 0, 0, 1, 1, 0, 0 ], [ 0, 0, 0, 1, 0, 0 ], [ 0, 1, 0, 0, 2, 1 ], [ 0, 2, 0, 0, 2, 0 ] ], [ [ 1, 0, 2, 0, 0, 2 ], [ 0, 1, 0, 0, 0, 0 ], [ 0, 0, 1, 1, 1, 0 ], [ 0, 0, 0, 0, 0, 1 ], [ 0, 0, 2, 0, 0, 2 ], [ 0, 2, 0, 2, 0, 1 ] ] ]
119;155520;[ [ [ 1, 0, 2, 0, 0, 2 ], [ 0, 1, 0, 0, 0, 0 ], [ 0, 0, 2, 0, 0, 0 ], [ 0, 2, 0, 2, 0, 0 ], [ 0, 1, 0, 0, 2, 0 ], [ 0, 0, 0, 0, 0, 2 ] ], [ [ 1, 1, 0, 0, 0, 0 ], [ 0, 1, 0, 0, 0, 0 ], [ 0, 0, 1, 0, 0, 0 ], [ 0, 0, 0, 1, 0, 0 ], [ 0, 0, 0, 0, 1, 0 ], [ 0, 0, 0, 0, 0, 1 ] ], [ [ 1, 0, 0, 0, 0, 0 ], [ 0, 1, 0, 0, 0, 0 ], [ 0, 0, 1, 0, 0, 0 ], [ 0, 0, 0, 1, 0, 0 ], [ 0, 0, 0, 0, 1, 1 ], [ 0, 0, 0, 0, 0, 1 ] ], [ [ 1, 1, 2, 0, 1, 0 ], [ 0, 1, 0, 0, 0, 0 ], [ 0, 0, 1, 0, 0, 0 ], [ 0, 1, 2, 1, 1, 0 ], [ 0, 0, 0, 0, 1, 0 ], [ 0, 2, 1, 0, 2, 1 ] ], [ [ 1, 1, 2, 0, 1, 0 ], [ 0, 1, 0, 0, 0, 0 ], [ 0, 0, 0, 1, 1, 1 ], [ 0, 1, 1, 2, 2, 1 ], [ 0, 0, 2, 1, 2, 1 ], [ 0, 2, 2, 2, 1, 0 ] ], [ [ 1, 0, 2, 1, 1, 1 ], [ 0, 1, 0, 0, 0, 0 ], [ 0, 1, 0, 0, 1, 0 ], [ 0, 1, 1, 2, 2, 1 ], [ 0, 1, 2, 0, 2, 0 ], [ 0, 2, 2, 2, 1, 0 ] ], [ [ 1, 1, 2, 0, 0, 0 ], [ 0, 1, 0, 0, 0, 0 ], [ 0, 1, 0, 1, 2, 1 ], [ 0, 1, 1, 1, 1, 0 ], [ 0, 1, 2, 1, 0, 1 ], [ 0, 2, 2, 2, 1, 0 ] ] ]
120;51840;[ [ [ 1, 0, 0, 0, 0, 0 ], [ 0, 1, 0, 0, 0, 0 ], [ 0, 0, 1, 0, 0, 0 ], [ 0, 0, 0, 1, 0, 0 ], [ 0, 0, 0, 0, 1, 1 ], [ 0, 0, 0, 0, 0, 1 ] ], [ [ 1, 0, 0, 0, 0, 0 ], [ 0, 1, 0, 0, 0, 0 ], [ 0, 0, 0, 1, 1, 1 ], [ 0, 0, 2, 2, 1, 1 ], [ 0, 0, 2, 1, 2, 1 ], [ 0, 0, 1, 2, 2, 0 ] ], [ [ 1, 1, 2, 0, 0, 1 ], [ 0, 1, 0, 0, 0, 0 ], [ 0, 1, 1, 2, 2, 0 ], [ 0, 2, 2, 0, 2, 1 ], [ 0, 1, 2, 0, 1, 2 ], [ 0, 2, 0, 1, 1, 1 ] ], [ [ 1, 1, 2, 2, 1, 0 ], [ 0, 1, 0, 0, 0, 0 ], [ 0, 1, 1, 2, 2, 0 ], [ 0, 2, 1, 2, 2, 2 ], [ 0, 1, 1, 0, 0, 1 ], [ 0, 2, 2, 1, 0, 0 ] ] ]
121;104976;[ [ [ 1, 0, 0, 0, 0, 0 ], [ 0, 1, 0, 0, 0, 0 ], [ 0, 0, 1, 0, 0, 0 ], [ 0, 0, 0, 1, 0, 0 ], [ 0, 0, 0, 0, 1, 0 ], [ 0, 0, 0, 0, 2, 1 ] ], [ [ 1, 1, 0, 0, 0, 0 ], [ 0, 1, 0, 0, 0, 0 ], [ 0, 0, 1, 0, 0, 0 ], [ 0, 0, 0, 1, 0, 0 ], [ 0, 0, 0, 0, 1, 0 ], [ 0, 0, 0, 0, 0, 1 ] ], [ [ 1, 0, 0, 0, 0, 0 ], [ 0, 1, 0, 0, 0, 0 ], [ 0, 0, 1, 1, 0, 0 ], [ 0, 0, 0, 1, 0, 0 ], [ 0, 0, 0, 0, 1, 0 ], [ 0, 0, 0, 0, 0, 1 ] ], [ [ 1, 0, 0, 0, 0, 0 ], [ 0, 1, 0, 0, 0, 0 ], [ 0, 0, 0, 1, 0, 0 ], [ 0, 0, 2, 0, 0, 0 ], [ 0, 0, 0, 0, 1, 0 ], [ 0, 0, 0, 0, 0, 1 ] ], [ [ 1, 0, 1, 0, 0, 0 ], [ 0, 1, 0, 0, 0, 0 ], [ 0, 0, 1, 0, 0, 0 ], [ 0, 2, 0, 1, 0, 0 ], [ 0, 0, 0, 0, 1, 0 ], [ 0, 0, 0, 0, 0, 1 ] ], [ [ 1, 0, 0, 0, 0, 0 ], [ 0, 1, 0, 0, 0, 0 ], [ 0, 0, 1, 0, 1, 0 ], [ 0, 0, 0, 1, 0, 0 ], [ 0, 0, 0, 0, 1, 0 ], [ 0, 0, 0, 2, 0, 1 ] ], [ [ 1, 0, 0, 0, 1, 0 ], [ 0, 1, 0, 0, 0, 0 ], [ 0, 0, 1, 0, 0, 0 ], [ 0, 0, 0, 1, 0, 0 ], [ 0, 0, 0, 0, 1, 0 ], [ 0, 2, 0, 0, 0, 1 ] ], [ [ 1, 0, 0, 0, 2, 0 ], [ 0, 1, 0, 0, 0, 0 ], [ 0, 0, 2, 1, 0, 0 ], [ 0, 0, 2, 0, 1, 0 ], [ 0, 0, 0, 0, 2, 0 ], [ 0, 2, 1, 2, 2, 2 ] ] ]
122;12597120;[ [ [ 1, 1, 0, 0, 0, 0 ], [ 0, 1, 0, 0, 0, 0 ], [ 0, 0, 1, 0, 0, 0 ], [ 0, 0, 0, 1, 0, 0 ], [ 0, 0, 0, 0, 1, 0 ], [ 0, 0, 0, 0, 0, 1 ] ], [ [ 1, 0, 0, 0, 0, 0 ], [ 0, 1, 0, 0, 0, 0 ], [ 0, 0, 0, 1, 0, 0 ], [ 0, 0, 2, 0, 0, 0 ], [ 0, 0, 0, 0, 1, 0 ], [ 0, 0, 0, 0, 0, 1 ] ], [ [ 1, 0, 0, 0, 0, 0 ], [ 0, 1, 0, 0, 0, 0 ], [ 0, 0, 1, 1, 0, 0 ], [ 0, 0, 0, 1, 0, 0 ], [ 0, 0, 0, 0, 1, 0 ], [ 0, 0, 0, 0, 0, 1 ] ], [ [ 1, 0, 0, 0, 0, 0 ], [ 0, 1, 0, 0, 0, 0 ], [ 0, 0, 1, 0, 0, 0 ], [ 0, 0, 0, 1, 0, 0 ], [ 0, 0, 0, 0, 0, 1 ], [ 0, 0, 0, 0, 2, 0 ] ], [ [ 1, 0, 0, 0, 0, 0 ], [ 0, 1, 0, 0, 0, 0 ], [ 0, 0, 1, 0, 0, 0 ], [ 0, 0, 0, 1, 0, 0 ], [ 0, 0, 0, 0, 1, 1 ], [ 0, 0, 0, 0, 0, 1 ] ], [ [ 1, 0, 1, 0, 0, 0 ], [ 0, 1, 0, 0, 0, 0 ], [ 0, 0, 1, 0, 0, 0 ], [ 0, 2, 0, 1, 0, 0 ], [ 0, 0, 0, 0, 1, 0 ], [ 0, 0, 0, 0, 0, 1 ] ], [ [ 1, 0, 0, 0, 1, 0 ], [ 0, 1, 0, 0, 0, 0 ], [ 0, 0, 1, 0, 0, 0 ], [ 0, 0, 0, 1, 0, 0 ], [ 0, 0, 0, 0, 1, 0 ], [ 0, 2, 0, 0, 0, 1 ] ], [ [ 1, 0, 0, 0, 0, 0 ], [ 0, 1, 0, 0, 0, 0 ], [ 0, 0, 1, 0, 1, 0 ], [ 0, 0, 0, 1, 0, 0 ], [ 0, 0, 0, 0, 1, 0 ], [ 0, 0, 0, 2, 0, 1 ] ] ]
123;51840;[ [ [ 1, 0, 0, 0, 0, 0 ], [ 0, 1, 0, 0, 0, 0 ], [ 0, 0, 1, 0, 0, 0 ], [ 0, 0, 0, 1, 0, 0 ], [ 0, 0, 0, 0, 1, 1 ], [ 0, 0, 0, 0, 0, 1 ] ], [ [ 1, 2, 1, 2, 1, 0 ], [ 0, 1, 0, 0, 0, 0 ], [ 0, 2, 2, 2, 1, 0 ], [ 0, 2, 1, 0, 1, 0 ], [ 0, 0, 0, 0, 1, 0 ], [ 0, 2, 1, 2, 1, 1 ] ], [ [ 1, 2, 1, 1, 2, 0 ], [ 0, 1, 0, 0, 0, 0 ], [ 0, 1, 0, 2, 1, 0 ], [ 0, 2, 1, 2, 2, 0 ], [ 0, 0, 0, 0, 1, 0 ], [ 0, 1, 2, 2, 1, 1 ] ], [ [ 1, 1, 1, 0, 2, 2 ], [ 0, 1, 0, 0, 0, 0 ], [ 0, 0, 1, 1, 2, 0 ], [ 0, 2, 2, 1, 1, 1 ], [ 0, 2, 2, 0, 2, 1 ], [ 0, 1, 1, 1, 1, 0 ] ], [ [ 1, 1, 1, 0, 2, 2 ], [ 0, 1, 0, 0, 0, 0 ], [ 0, 0, 0, 1, 1, 2 ], [ 0, 2, 2, 0, 2, 1 ], [ 0, 2, 2, 1, 1, 1 ], [ 0, 1, 0, 0, 1, 2 ] ] ]
124;104976;[ [ [ 1, 1, 0, 0, 0, 0 ], [ 0, 1, 0, 0, 0, 0 ], [ 0, 0, 1, 0, 0, 0 ], [ 0, 0, 0, 1, 0, 0 ], [ 0, 0, 0, 0, 1, 0 ], [ 0, 0, 0, 0, 0, 1 ] ], [ [ 1, 0, 0, 0, 0, 0 ], [ 0, 1, 0, 0, 0, 0 ], [ 0, 0, 1, 1, 0, 0 ], [ 0, 0, 0, 1, 0, 0 ], [ 0, 0, 0, 0, 1, 0 ], [ 0, 0, 0, 0, 0, 1 ] ], [ [ 1, 0, 0, 0, 0, 0 ], [ 0, 1, 0, 0, 0, 0 ], [ 0, 0, 0, 1, 0, 0 ], [ 0, 0, 2, 0, 0, 0 ], [ 0, 0, 0, 0, 1, 0 ], [ 0, 0, 0, 0, 0, 1 ] ], [ [ 1, 0, 1, 0, 0, 0 ], [ 0, 1, 0, 0, 0, 0 ], [ 0, 0, 1, 0, 0, 0 ], [ 0, 2, 0, 1, 0, 0 ], [ 0, 0, 0, 0, 1, 0 ], [ 0, 0, 0, 0, 0, 1 ] ], [ [ 1, 0, 0, 0, 0, 0 ], [ 0, 1, 0, 0, 0, 0 ], [ 0, 0, 1, 0, 1, 0 ], [ 0, 0, 0, 1, 0, 0 ], [ 0, 0, 0, 0, 1, 0 ], [ 0, 0, 0, 2, 0, 1 ] ], [ [ 1, 0, 0, 0, 1, 0 ], [ 0, 1, 0, 0, 0, 0 ], [ 0, 0, 1, 0, 0, 0 ], [ 0, 0, 0, 1, 0, 0 ], [ 0, 0, 0, 0, 1, 0 ], [ 0, 2, 0, 0, 0, 1 ] ], [ [ 1, 0, 0, 1, 0, 0 ], [ 0, 1, 0, 0, 0, 0 ], [ 0, 1, 1, 2, 1, 0 ], [ 0, 0, 0, 1, 0, 0 ], [ 0, 0, 0, 0, 2, 0 ], [ 0, 0, 0, 1, 0, 2 ] ] ]
125;12597120;[ [ [ 1, 1, 0, 0, 0, 0 ], [ 0, 1, 0, 0, 0, 0 ], [ 0, 0, 1, 0, 0, 0 ], [ 0, 0, 0, 1, 0, 0 ], [ 0, 0, 0, 0, 1, 0 ], [ 0, 0, 0, 0, 0, 1 ] ], [ [ 1, 0, 0, 0, 0, 0 ], [ 0, 1, 0, 0, 0, 0 ], [ 0, 0, 0, 1, 0, 0 ], [ 0, 0, 2, 0, 0, 0 ], [ 0, 0, 0, 0, 1, 0 ], [ 0, 0, 0, 0, 0, 1 ] ], [ [ 1, 0, 0, 0, 0, 0 ], [ 0, 1, 0, 0, 0, 0 ], [ 0, 0, 1, 1, 0, 0 ], [ 0, 0, 0, 1, 0, 0 ], [ 0, 0, 0, 0, 1, 0 ], [ 0, 0, 0, 0, 0, 1 ] ], [ [ 1, 0, 0, 0, 0, 0 ], [ 0, 1, 0, 0, 0, 0 ], [ 0, 0, 1, 0, 0, 0 ], [ 0, 0, 0, 1, 0, 0 ], [ 0, 0, 0, 0, 0, 1 ], [ 0, 0, 0, 0, 2, 0 ] ], [ [ 1, 0, 0, 0, 0, 0 ], [ 0, 1, 0, 0, 0, 0 ], [ 0, 0, 1, 0, 0, 0 ], [ 0, 0, 0, 1, 0, 0 ], [ 0, 0, 0, 0, 1, 1 ], [ 0, 0, 0, 0, 0, 1 ] ], [ [ 1, 0, 1, 0, 0, 0 ], [ 0, 1, 0, 0, 0, 0 ], [ 0, 0, 1, 0, 0, 0 ], [ 0, 2, 0, 1, 0, 0 ], [ 0, 0, 0, 0, 1, 0 ], [ 0, 0, 0, 0, 0, 1 ] ], [ [ 1, 0, 0, 0, 1, 0 ], [ 0, 1, 0, 0, 0, 0 ], [ 0, 0, 1, 0, 0, 0 ], [ 0, 0, 0, 1, 0, 0 ], [ 0, 0, 0, 0, 1, 0 ], [ 0, 2, 0, 0, 0, 1 ] ], [ [ 1, 0, 0, 0, 0, 0 ], [ 0, 1, 0, 0, 0, 0 ], [ 0, 0, 1, 0, 1, 0 ], [ 0, 0, 0, 1, 0, 0 ], [ 0, 0, 0, 0, 1, 0 ], [ 0, 0, 0, 2, 0, 1 ] ] ]
126;51840;[ [ [ 1, 0, 0, 0, 0, 0 ], [ 0, 1, 0, 0, 0, 0 ], [ 0, 0, 1, 0, 0, 0 ], [ 0, 0, 0, 1, 0, 0 ], [ 0, 0, 0, 0, 1, 1 ], [ 0, 0, 0, 0, 0, 1 ] ], [ [ 1, 0, 0, 0, 0, 0 ], [ 0, 1, 0, 0, 0, 0 ], [ 0, 0, 0, 1, 1, 1 ], [ 0, 0, 2, 2, 1, 1 ], [ 0, 0, 2, 1, 2, 1 ], [ 0, 0, 1, 2, 2, 0 ] ], [ [ 1, 1, 2, 0, 0, 1 ], [ 0, 1, 0, 0, 0, 0 ], [ 0, 1, 1, 2, 2, 0 ], [ 0, 2, 2, 0, 2, 1 ], [ 0, 1, 2, 0, 1, 2 ], [ 0, 2, 0, 1, 1, 1 ] ], [ [ 1, 1, 2, 2, 1, 0 ], [ 0, 1, 0, 0, 0, 0 ], [ 0, 1, 1, 2, 2, 0 ], [ 0, 2, 1, 2, 2, 2 ], [ 0, 1, 1, 0, 0, 1 ], [ 0, 2, 2, 1, 0, 0 ] ] ]
127;104976;[ [ [ 1, 0, 0, 0, 0, 0 ], [ 0, 1, 0, 0, 0, 0 ], [ 0, 0, 1, 0, 0, 0 ], [ 0, 0, 0, 1, 0, 0 ], [ 0, 0, 0, 0, 1, 0 ], [ 0, 0, 0, 0, 1, 1 ] ], [ [ 1, 1, 0, 0, 0, 0 ], [ 0, 1, 0, 0, 0, 0 ], [ 0, 0, 1, 0, 0, 0 ], [ 0, 0, 0, 1, 0, 0 ], [ 0, 0, 0, 0, 1, 0 ], [ 0, 0, 0, 0, 0, 1 ] ], [ [ 1, 0, 0, 0, 0, 0 ], [ 0, 1, 0, 0, 0, 0 ], [ 0, 0, 1, 1, 0, 0 ], [ 0, 0, 0, 1, 0, 0 ], [ 0, 0, 0, 0, 1, 0 ], [ 0, 0, 0, 0, 0, 1 ] ], [ [ 1, 0, 0, 0, 0, 0 ], [ 0, 1, 0, 0, 0, 0 ], [ 0, 0, 0, 1, 0, 0 ], [ 0, 0, 2, 0, 0, 0 ], [ 0, 0, 0, 0, 1, 0 ], [ 0, 0, 0, 0, 0, 1 ] ], [ [ 1, 0, 1, 0, 0, 0 ], [ 0, 1, 0, 0, 0, 0 ], [ 0, 0, 1, 0, 0, 0 ], [ 0, 2, 0, 1, 0, 0 ], [ 0, 0, 0, 0, 1, 0 ], [ 0, 0, 0, 0, 0, 1 ] ], [ [ 1, 0, 0, 0, 0, 0 ], [ 0, 1, 0, 0, 0, 0 ], [ 0, 0, 1, 0, 1, 0 ], [ 0, 0, 0, 1, 0, 0 ], [ 0, 0, 0, 0, 1, 0 ], [ 0, 0, 0, 2, 0, 1 ] ], [ [ 1, 0, 0, 0, 1, 0 ], [ 0, 1, 0, 0, 0, 0 ], [ 0, 0, 1, 0, 0, 0 ], [ 0, 0, 0, 1, 0, 0 ], [ 0, 0, 0, 0, 1, 0 ], [ 0, 2, 0, 0, 0, 1 ] ], [ [ 1, 0, 0, 0, 2, 0 ], [ 0, 1, 0, 0, 0, 0 ], [ 0, 0, 2, 1, 0, 0 ], [ 0, 0, 2, 0, 1, 0 ], [ 0, 0, 0, 0, 2, 0 ], [ 0, 2, 1, 2, 2, 2 ] ] ]
128;12597120;[ [ [ 1, 1, 0, 0, 0, 0 ], [ 0, 1, 0, 0, 0, 0 ], [ 0, 0, 1, 0, 0, 0 ], [ 0, 0, 0, 1, 0, 0 ], [ 0, 0, 0, 0, 1, 0 ], [ 0, 0, 0, 0, 0, 1 ] ], [ [ 1, 0, 0, 0, 0, 0 ], [ 0, 1, 0, 0, 0, 0 ], [ 0, 0, 0, 1, 0, 0 ], [ 0, 0, 2, 0, 0, 0 ], [ 0, 0, 0, 0, 1, 0 ], [ 0, 0, 0, 0, 0, 1 ] ], [ [ 1, 0, 0, 0, 0, 0 ], [ 0, 1, 0, 0, 0, 0 ], [ 0, 0, 1, 1, 0, 0 ], [ 0, 0, 0, 1, 0, 0 ], [ 0, 0, 0, 0, 1, 0 ], [ 0, 0, 0, 0, 0, 1 ] ], [ [ 1, 0, 0, 0, 0, 0 ], [ 0, 1, 0, 0, 0, 0 ], [ 0, 0, 1, 0, 0, 0 ], [ 0, 0, 0, 1, 0, 0 ], [ 0, 0, 0, 0, 0, 1 ], [ 0, 0, 0, 0, 2, 0 ] ], [ [ 1, 0, 0, 0, 0, 0 ], [ 0, 1, 0, 0, 0, 0 ], [ 0, 0, 1, 0, 0, 0 ], [ 0, 0, 0, 1, 0, 0 ], [ 0, 0, 0, 0, 1, 1 ], [ 0, 0, 0, 0, 0, 1 ] ], [ [ 1, 0, 1, 0, 0, 0 ], [ 0, 1, 0, 0, 0, 0 ], [ 0, 0, 1, 0, 0, 0 ], [ 0, 2, 0, 1, 0, 0 ], [ 0, 0, 0, 0, 1, 0 ], [ 0, 0, 0, 0, 0, 1 ] ], [ [ 1, 0, 0, 0, 1, 0 ], [ 0, 1, 0, 0, 0, 0 ], [ 0, 0, 1, 0, 0, 0 ], [ 0, 0, 0, 1, 0, 0 ], [ 0, 0, 0, 0, 1, 0 ], [ 0, 2, 0, 0, 0, 1 ] ], [ [ 1, 0, 0, 0, 0, 0 ], [ 0, 1, 0, 0, 0, 0 ], [ 0, 0, 1, 0, 1, 0 ], [ 0, 0, 0, 1, 0, 0 ], [ 0, 0, 0, 0, 1, 0 ], [ 0, 0, 0, 2, 0, 1 ] ] ]
129;51840;[ [ [ 1, 0, 0, 0, 0, 0 ], [ 0, 1, 0, 0, 0, 0 ], [ 0, 0, 1, 0, 0, 0 ], [ 0, 0, 0, 1, 0, 0 ], [ 0, 0, 0, 0, 1, 1 ], [ 0, 0, 0, 0, 0, 1 ] ], [ [ 1, 2, 1, 2, 1, 0 ], [ 0, 1, 0, 0, 0, 0 ], [ 0, 2, 2, 2, 1, 0 ], [ 0, 2, 1, 0, 1, 0 ], [ 0, 0, 0, 0, 1, 0 ], [ 0, 2, 1, 2, 1, 1 ] ], [ [ 1, 2, 1, 1, 2, 0 ], [ 0, 1, 0, 0, 0, 0 ], [ 0, 1, 0, 2, 1, 0 ], [ 0, 2, 1, 2, 2, 0 ], [ 0, 0, 0, 0, 1, 0 ], [ 0, 1, 2, 2, 1, 1 ] ], [ [ 1, 1, 1, 0, 2, 2 ], [ 0, 1, 0, 0, 0, 0 ], [ 0, 0, 1, 1, 2, 0 ], [ 0, 2, 2, 1, 1, 1 ], [ 0, 2, 2, 0, 2, 1 ], [ 0, 1, 1, 1, 1, 0 ] ], [ [ 1, 1, 1, 0, 2, 2 ], [ 0, 1, 0, 0, 0, 0 ], [ 0, 0, 0, 1, 1, 2 ], [ 0, 2, 2, 0, 2, 1 ], [ 0, 2, 2, 1, 1, 1 ], [ 0, 1, 0, 0, 1, 2 ] ] ]
130;104976;[ [ [ 1, 1, 0, 0, 0, 0 ], [ 0, 1, 0, 0, 0, 0 ], [ 0, 0, 1, 0, 0, 0 ], [ 0, 0, 0, 1, 0, 0 ], [ 0, 0, 0, 0, 1, 0 ], [ 0, 0, 0, 0, 0, 1 ] ], [ [ 1, 0, 0, 0, 0, 0 ], [ 0, 1, 0, 0, 0, 0 ], [ 0, 0, 1, 1, 0, 0 ], [ 0, 0, 0, 1, 0, 0 ], [ 0, 0, 0, 0, 1, 0 ], [ 0, 0, 0, 0, 0, 1 ] ], [ [ 1, 0, 0, 0, 0, 0 ], [ 0, 1, 0, 0, 0, 0 ], [ 0, 0, 0, 1, 0, 0 ], [ 0, 0, 2, 0, 0, 0 ], [ 0, 0, 0, 0, 1, 0 ], [ 0, 0, 0, 0, 0, 1 ] ], [ [ 1, 0, 1, 0, 0, 0 ], [ 0, 1, 0, 0, 0, 0 ], [ 0, 0, 1, 0, 0, 0 ], [ 0, 2, 0, 1, 0, 0 ], [ 0, 0, 0, 0, 1, 0 ], [ 0, 0, 0, 0, 0, 1 ] ], [ [ 1, 0, 0, 0, 0, 0 ], [ 0, 1, 0, 0, 0, 0 ], [ 0, 0, 1, 0, 1, 0 ], [ 0, 0, 0, 1, 0, 0 ], [ 0, 0, 0, 0, 1, 0 ], [ 0, 0, 0, 2, 0, 1 ] ], [ [ 1, 0, 0, 0, 1, 0 ], [ 0, 1, 0, 0, 0, 0 ], [ 0, 0, 1, 0, 0, 0 ], [ 0, 0, 0, 1, 0, 0 ], [ 0, 0, 0, 0, 1, 0 ], [ 0, 2, 0, 0, 0, 1 ] ], [ [ 1, 0, 0, 1, 0, 0 ], [ 0, 1, 0, 0, 0, 0 ], [ 0, 1, 1, 2, 1, 0 ], [ 0, 0, 0, 1, 0, 0 ], [ 0, 0, 0, 0, 2, 0 ], [ 0, 0, 0, 1, 0, 2 ] ] ]
131;12597120;[ [ [ 1, 1, 0, 0, 0, 0 ], [ 0, 1, 0, 0, 0, 0 ], [ 0, 0, 1, 0, 0, 0 ], [ 0, 0, 0, 1, 0, 0 ], [ 0, 0, 0, 0, 1, 0 ], [ 0, 0, 0, 0, 0, 1 ] ], [ [ 1, 0, 0, 0, 0, 0 ], [ 0, 1, 0, 0, 0, 0 ], [ 0, 0, 0, 1, 0, 0 ], [ 0, 0, 2, 0, 0, 0 ], [ 0, 0, 0, 0, 1, 0 ], [ 0, 0, 0, 0, 0, 1 ] ], [ [ 1, 0, 0, 0, 0, 0 ], [ 0, 1, 0, 0, 0, 0 ], [ 0, 0, 1, 1, 0, 0 ], [ 0, 0, 0, 1, 0, 0 ], [ 0, 0, 0, 0, 1, 0 ], [ 0, 0, 0, 0, 0, 1 ] ], [ [ 1, 0, 0, 0, 0, 0 ], [ 0, 1, 0, 0, 0, 0 ], [ 0, 0, 1, 0, 0, 0 ], [ 0, 0, 0, 1, 0, 0 ], [ 0, 0, 0, 0, 0, 1 ], [ 0, 0, 0, 0, 2, 0 ] ], [ [ 1, 0, 0, 0, 0, 0 ], [ 0, 1, 0, 0, 0, 0 ], [ 0, 0, 1, 0, 0, 0 ], [ 0, 0, 0, 1, 0, 0 ], [ 0, 0, 0, 0, 1, 1 ], [ 0, 0, 0, 0, 0, 1 ] ], [ [ 1, 0, 1, 0, 0, 0 ], [ 0, 1, 0, 0, 0, 0 ], [ 0, 0, 1, 0, 0, 0 ], [ 0, 2, 0, 1, 0, 0 ], [ 0, 0, 0, 0, 1, 0 ], [ 0, 0, 0, 0, 0, 1 ] ], [ [ 1, 0, 0, 0, 1, 0 ], [ 0, 1, 0, 0, 0, 0 ], [ 0, 0, 1, 0, 0, 0 ], [ 0, 0, 0, 1, 0, 0 ], [ 0, 0, 0, 0, 1, 0 ], [ 0, 2, 0, 0, 0, 1 ] ], [ [ 1, 0, 0, 0, 0, 0 ], [ 0, 1, 0, 0, 0, 0 ], [ 0, 0, 1, 0, 1, 0 ], [ 0, 0, 0, 1, 0, 0 ], [ 0, 0, 0, 0, 1, 0 ], [ 0, 0, 0, 2, 0, 1 ] ] ]
146;648;[ [ [ 1, 0, 0, 0, 0, 0 ], [ 0, 1, 0, 0, 0, 0 ], [ 0, 0, 1, 0, 0, 0 ], [ 0, 0, 2, 1, 2, 1 ], [ 0, 0, 2, 0, 0, 1 ], [ 0, 0, 2, 0, 2, 2 ] ], [ [ 1, 0, 1, 0, 1, 2 ], [ 0, 1, 0, 0, 0, 0 ], [ 0, 0, 0, 0, 2, 1 ], [ 0, 1, 1, 0, 0, 2 ], [ 0, 1, 1, 2, 1, 2 ], [ 0, 1, 2, 2, 1, 2 ] ], [ [ 1, 2, 0, 1, 1, 0 ], [ 0, 1, 0, 0, 0, 0 ], [ 0, 1, 1, 2, 2, 0 ], [ 0, 2, 1, 2, 2, 2 ], [ 0, 2, 1, 1, 0, 2 ], [ 0, 1, 1, 2, 0, 0 ] ], [ [ 1, 0, 0, 1, 2, 2 ], [ 0, 1, 0, 0, 0, 0 ], [ 0, 2, 2, 1, 2, 2 ], [ 0, 2, 0, 0, 0, 2 ], [ 0, 0, 2, 0, 0, 1 ], [ 0, 1, 1, 2, 0, 0 ] ] ]
147;1944;[ [ [ 1, 1, 1, 1, 1, 1 ], [ 0, 1, 0, 0, 0, 0 ], [ 0, 1, 2, 1, 1, 1 ], [ 0, 2, 2, 0, 2, 2 ], [ 0, 1, 1, 1, 2, 1 ], [ 0, 2, 2, 2, 2, 0 ] ], [ [ 1, 0, 0, 0, 0, 0 ], [ 0, 1, 0, 0, 0, 0 ], [ 0, 0, 1, 0, 0, 0 ], [ 0, 0, 0, 1, 0, 0 ], [ 0, 0, 0, 0, 2, 1 ], [ 0, 0, 0, 0, 2, 0 ] ], [ [ 1, 0, 0, 0, 2, 2 ], [ 0, 1, 0, 0, 0, 0 ], [ 0, 0, 1, 0, 2, 2 ], [ 0, 0, 0, 1, 1, 1 ], [ 0, 2, 2, 2, 1, 0 ], [ 0, 1, 1, 1, 0, 1 ] ], [ [ 1, 0, 0, 0, 0, 0 ], [ 0, 1, 0, 0, 0, 0 ], [ 0, 0, 1, 1, 1, 0 ], [ 0, 0, 0, 1, 0, 0 ], [ 0, 0, 0, 1, 1, 2 ], [ 0, 0, 0, 1, 2, 2 ] ], [ [ 1, 0, 0, 0, 0, 0 ], [ 0, 1, 0, 0, 0, 0 ], [ 0, 0, 0, 1, 1, 2 ], [ 0, 0, 1, 2, 1, 1 ], [ 0, 0, 2, 2, 0, 2 ], [ 0, 0, 1, 2, 2, 2 ] ] ]
148;3888;[ [ [ 1, 1, 0, 1, 1, 1 ], [ 0, 1, 0, 0, 0, 0 ], [ 0, 0, 2, 1, 0, 2 ], [ 0, 1, 2, 1, 1, 2 ], [ 0, 2, 2, 1, 0, 0 ], [ 0, 2, 0, 2, 2, 0 ] ], [ [ 1, 1, 0, 0, 0, 0 ], [ 0, 1, 0, 0, 0, 0 ], [ 0, 0, 1, 0, 0, 0 ], [ 0, 0, 0, 1, 0, 0 ], [ 0, 0, 0, 0, 1, 0 ], [ 0, 0, 0, 0, 0, 1 ] ], [ [ 1, 2, 1, 1, 0, 1 ], [ 0, 1, 0, 0, 0, 0 ], [ 0, 1, 0, 2, 0, 2 ], [ 0, 2, 1, 2, 0, 1 ], [ 0, 1, 2, 2, 1, 2 ], [ 0, 0, 0, 0, 0, 1 ] ], [ [ 1, 0, 0, 0, 0, 0 ], [ 0, 1, 0, 0, 0, 0 ], [ 0, 0, 2, 1, 0, 1 ], [ 0, 0, 2, 0, 0, 2 ], [ 0, 0, 1, 1, 1, 1 ], [ 0, 0, 0, 0, 0, 1 ] ], [ [ 1, 0, 1, 2, 0, 2 ], [ 0, 1, 0, 0, 0, 0 ], [ 0, 2, 2, 0, 2, 0 ], [ 0, 2, 0, 1, 0, 1 ], [ 0, 1, 0, 2, 0, 1 ], [ 0, 0, 2, 0, 1, 0 ] ], [ [ 1, 0, 2, 1, 0, 0 ], [ 0, 1, 0, 0, 0, 0 ], [ 0, 1, 1, 0, 1, 0 ], [ 0, 2, 0, 2, 0, 2 ], [ 0, 1, 0, 1, 0, 2 ], [ 0, 1, 1, 0, 2, 0 ] ], [ [ 1, 2, 0, 2, 0, 0 ], [ 0, 1, 0, 0, 0, 0 ], [ 0, 2, 1, 1, 2, 0 ], [ 0, 2, 1, 0, 1, 1 ], [ 0, 1, 2, 0, 1, 1 ], [ 0, 2, 1, 1, 1, 0 ] ] ]
149;51840;[ [ [ 1, 0, 0, 0, 0, 0 ], [ 0, 1, 0, 0, 0, 0 ], [ 0, 0, 1, 0, 0, 0 ], [ 0, 0, 0, 1, 0, 0 ], [ 0, 0, 0, 0, 1, 1 ], [ 0, 0, 0, 0, 0, 1 ] ], [ [ 1, 2, 0, 1, 0, 2 ], [ 0, 1, 0, 0, 0, 0 ], [ 0, 1, 1, 2, 0, 1 ], [ 0, 0, 0, 1, 0, 0 ], [ 0, 2, 0, 1, 1, 2 ], [ 0, 0, 0, 0, 0, 1 ] ], [ [ 1, 2, 0, 0, 2, 1 ], [ 0, 1, 0, 0, 0, 0 ], [ 0, 2, 1, 1, 0, 2 ], [ 0, 0, 0, 1, 0, 0 ], [ 0, 0, 0, 1, 2, 1 ], [ 0, 2, 0, 2, 1, 1 ] ], [ [ 1, 1, 1, 2, 0, 1 ], [ 0, 1, 0, 0, 0, 0 ], [ 0, 2, 0, 1, 0, 2 ], [ 0, 1, 2, 0, 0, 1 ], [ 0, 1, 1, 2, 1, 1 ], [ 0, 0, 0, 0, 0, 1 ] ] ]
150;155520;[ [ [ 1, 1, 0, 0, 0, 0 ], [ 0, 1, 0, 0, 0, 0 ], [ 0, 0, 1, 0, 0, 0 ], [ 0, 0, 0, 1, 0, 0 ], [ 0, 0, 0, 0, 1, 0 ], [ 0, 0, 0, 0, 0, 1 ] ], [ [ 1, 0, 0, 0, 0, 0 ], [ 0, 1, 0, 0, 0, 0 ], [ 0, 0, 1, 0, 0, 0 ], [ 0, 0, 0, 1, 0, 0 ], [ 0, 0, 0, 0, 1, 1 ], [ 0, 0, 0, 0, 0, 1 ] ], [ [ 1, 1, 1, 1, 2, 0 ], [ 0, 1, 0, 0, 0, 0 ], [ 0, 1, 2, 1, 2, 0 ], [ 0, 2, 2, 0, 1, 0 ], [ 0, 0, 0, 0, 1, 0 ], [ 0, 1, 1, 1, 2, 1 ] ], [ [ 1, 0, 0, 0, 0, 0 ], [ 0, 1, 0, 0, 0, 0 ], [ 0, 0, 0, 2, 2, 2 ], [ 0, 0, 1, 2, 1, 1 ], [ 0, 0, 2, 2, 0, 2 ], [ 0, 0, 1, 1, 1, 2 ] ], [ [ 1, 0, 2, 1, 0, 1 ], [ 0, 1, 0, 0, 0, 0 ], [ 0, 1, 0, 0, 1, 2 ], [ 0, 0, 1, 0, 2, 2 ], [ 0, 2, 1, 2, 2, 1 ], [ 0, 0, 2, 2, 2, 1 ] ] ]
151;648;[ [ [ 1, 2, 2, 2, 2, 0 ], [ 0, 1, 0, 0, 0, 0 ], [ 0, 2, 0, 2, 2, 0 ], [ 0, 1, 1, 2, 1, 0 ], [ 0, 0, 0, 0, 1, 0 ], [ 0, 1, 1, 1, 1, 1 ] ], [ [ 1, 2, 1, 2, 1, 1 ], [ 0, 1, 0, 0, 0, 0 ], [ 0, 2, 2, 2, 1, 1 ], [ 0, 1, 1, 2, 1, 0 ], [ 0, 0, 2, 0, 0, 1 ], [ 0, 1, 1, 1, 1, 1 ] ], [ [ 1, 2, 1, 0, 0, 0 ], [ 0, 1, 0, 0, 0, 0 ], [ 0, 2, 0, 1, 0, 1 ], [ 0, 1, 1, 2, 1, 0 ], [ 0, 0, 1, 0, 2, 2 ], [ 0, 1, 2, 2, 1, 2 ] ] ]
152;1944;[ [ [ 1, 0, 0, 0, 0, 0 ], [ 0, 1, 0, 0, 0, 0 ], [ 0, 0, 1, 1, 2, 1 ], [ 0, 0, 0, 1, 0, 0 ], [ 0, 0, 0, 1, 0, 1 ], [ 0, 0, 0, 1, 2, 2 ] ], [ [ 1, 0, 0, 0, 0, 0 ], [ 0, 1, 0, 0, 0, 0 ], [ 0, 0, 1, 1, 2, 1 ], [ 0, 0, 0, 1, 0, 0 ], [ 0, 0, 0, 2, 1, 1 ], [ 0, 0, 0, 0, 1, 2 ] ], [ [ 1, 1, 1, 2, 1, 0 ], [ 0, 1, 0, 0, 0, 0 ], [ 0, 2, 2, 2, 1, 0 ], [ 0, 2, 0, 0, 0, 1 ], [ 0, 2, 1, 2, 0, 1 ], [ 0, 0, 1, 0, 0, 2 ] ] ]
153;3888;[ [ [ 1, 1, 0, 0, 0, 0 ], [ 0, 1, 0, 0, 0, 0 ], [ 0, 0, 1, 0, 0, 0 ], [ 0, 0, 0, 1, 0, 0 ], [ 0, 0, 0, 0, 1, 0 ], [ 0, 0, 0, 0, 0, 1 ] ], [ [ 1, 1, 1, 0, 1, 2 ], [ 0, 1, 0, 0, 0, 0 ], [ 0, 0, 1, 0, 0, 0 ], [ 0, 2, 2, 1, 2, 1 ], [ 0, 2, 2, 0, 0, 1 ], [ 0, 2, 2, 0, 2, 2 ] ], [ [ 1, 0, 0, 0, 0, 0 ], [ 0, 1, 0, 0, 0, 0 ], [ 0, 0, 1, 0, 0, 0 ], [ 0, 0, 2, 1, 2, 1 ], [ 0, 0, 2, 0, 0, 1 ], [ 0, 0, 2, 0, 2, 2 ] ], [ [ 1, 1, 1, 0, 0, 2 ], [ 0, 1, 0, 0, 0, 0 ], [ 0, 1, 2, 2, 0, 0 ], [ 0, 1, 0, 2, 0, 2 ], [ 0, 0, 2, 2, 1, 2 ], [ 0, 0, 2, 2, 1, 0 ] ], [ [ 1, 2, 1, 2, 0, 2 ], [ 0, 1, 0, 0, 0, 0 ], [ 0, 1, 1, 1, 0, 0 ], [ 0, 0, 1, 2, 0, 2 ], [ 0, 0, 2, 2, 2, 2 ], [ 0, 0, 2, 2, 2, 1 ] ] ]
154;51840;[ [ [ 1, 0, 0, 0, 0, 0 ], [ 0, 1, 0, 0, 0, 0 ], [ 0, 0, 1, 0, 0, 0 ], [ 0, 0, 0, 1, 0, 0 ], [ 0, 0, 0, 0, 1, 1 ], [ 0, 0, 0, 0, 0, 1 ] ], [ [ 1, 2, 1, 0, 2, 2 ], [ 0, 1, 0, 0, 0, 0 ], [ 0, 0, 1, 0, 0, 0 ], [ 0, 2, 1, 1, 2, 2 ], [ 0, 2, 1, 0, 0, 2 ], [ 0, 1, 2, 0, 1, 2 ] ], [ [ 1, 1, 0, 1, 2, 0 ], [ 0, 1, 0, 0, 0, 0 ], [ 0, 1, 2, 2, 0, 2 ], [ 0, 0, 2, 0, 2, 1 ], [ 0, 0, 2, 2, 0, 1 ], [ 0, 1, 2, 0, 1, 2 ] ], [ [ 1, 1, 0, 1, 2, 0 ], [ 0, 1, 0, 0, 0, 0 ], [ 0, 1, 1, 1, 2, 0 ], [ 0, 0, 0, 1, 0, 0 ], [ 0, 0, 0, 0, 1, 0 ], [ 0, 1, 0, 1, 2, 1 ] ], [ [ 1, 2, 2, 0, 2, 0 ], [ 0, 1, 0, 0, 0, 0 ], [ 0, 0, 0, 2, 2, 1 ], [ 0, 2, 1, 1, 2, 1 ], [ 0, 0, 1, 2, 0, 1 ], [ 0, 1, 2, 1, 2, 0 ] ] ]
155;155520;[ [ [ 1, 2, 2, 0, 0, 2 ], [ 0, 1, 0, 0, 0, 0 ], [ 0, 0, 2, 0, 0, 0 ], [ 0, 2, 0, 2, 0, 0 ], [ 0, 1, 0, 0, 2, 0 ], [ 0, 0, 0, 0, 0, 2 ] ], [ [ 1, 1, 0, 0, 0, 0 ], [ 0, 1, 0, 0, 0, 0 ], [ 0, 0, 1, 0, 0, 0 ], [ 0, 0, 0, 1, 0, 0 ], [ 0, 0, 0, 0, 1, 0 ], [ 0, 0, 0, 0, 0, 1 ] ], [ [ 1, 0, 0, 0, 0, 0 ], [ 0, 1, 0, 0, 0, 0 ], [ 0, 0, 1, 0, 0, 0 ], [ 0, 0, 0, 1, 0, 0 ], [ 0, 0, 0, 0, 1, 1 ], [ 0, 0, 0, 0, 0, 1 ] ], [ [ 1, 0, 0, 0, 0, 0 ], [ 0, 1, 0, 0, 0, 0 ], [ 0, 0, 0, 1, 1, 2 ], [ 0, 0, 2, 2, 1, 2 ], [ 0, 0, 1, 2, 0, 1 ], [ 0, 0, 1, 2, 2, 2 ] ], [ [ 1, 0, 1, 2, 2, 0 ], [ 0, 1, 0, 0, 0, 0 ], [ 0, 1, 2, 0, 1, 0 ], [ 0, 1, 0, 2, 2, 0 ], [ 0, 2, 1, 1, 1, 1 ], [ 0, 2, 1, 1, 0, 1 ] ], [ [ 1, 0, 1, 0, 2, 1 ], [ 0, 1, 0, 0, 0, 0 ], [ 0, 1, 2, 2, 0, 0 ], [ 0, 0, 0, 2, 1, 1 ], [ 0, 1, 1, 1, 0, 2 ], [ 0, 0, 1, 1, 1, 0 ] ] ]
156;648;[ [ [ 1, 0, 0, 0, 0, 0 ], [ 0, 1, 0, 0, 0, 0 ], [ 0, 0, 1, 0, 0, 0 ], [ 0, 0, 2, 1, 2, 1 ], [ 0, 0, 2, 0, 0, 1 ], [ 0, 0, 2, 0, 2, 2 ] ], [ [ 1, 0, 1, 0, 1, 2 ], [ 0, 1, 0, 0, 0, 0 ], [ 0, 0, 0, 0, 2, 1 ], [ 0, 1, 1, 0, 0, 2 ], [ 0, 1, 1, 2, 1, 2 ], [ 0, 1, 2, 2, 1, 2 ] ], [ [ 1, 2, 0, 1, 1, 0 ], [ 0, 1, 0, 0, 0, 0 ], [ 0, 1, 1, 2, 2, 0 ], [ 0, 2, 1, 2, 2, 2 ], [ 0, 2, 1, 1, 0, 2 ], [ 0, 1, 1, 2, 0, 0 ] ], [ [ 1, 0, 0, 1, 2, 2 ], [ 0, 1, 0, 0, 0, 0 ], [ 0, 2, 2, 1, 2, 2 ], [ 0, 2, 0, 0, 0, 2 ], [ 0, 0, 2, 0, 0, 1 ], [ 0, 1, 1, 2, 0, 0 ] ] ]
157;1944;[ [ [ 1, 1, 1, 1, 1, 1 ], [ 0, 1, 0, 0, 0, 0 ], [ 0, 1, 2, 1, 1, 1 ], [ 0, 2, 2, 0, 2, 2 ], [ 0, 1, 1, 1, 2, 1 ], [ 0, 2, 2, 2, 2, 0 ] ], [ [ 1, 0, 0, 0, 0, 0 ], [ 0, 1, 0, 0, 0, 0 ], [ 0, 0, 1, 0, 0, 0 ], [ 0, 0, 0, 1, 0, 0 ], [ 0, 0, 0, 0, 2, 1 ], [ 0, 0, 0, 0, 2, 0 ] ], [ [ 1, 0, 0, 0, 2, 2 ], [ 0, 1, 0, 0, 0, 0 ], [ 0, 0, 1, 0, 2, 2 ], [ 0, 0, 0, 1, 1, 1 ], [ 0, 2, 2, 2, 1, 0 ], [ 0, 1, 1, 1, 0, 1 ] ], [ [ 1, 0, 0, 0, 0, 0 ], [ 0, 1, 0, 0, 0, 0 ], [ 0, 0, 1, 1, 1, 0 ], [ 0, 0, 0, 1, 0, 0 ], [ 0, 0, 0, 1, 1, 2 ], [ 0, 0, 0, 1, 2, 2 ] ], [ [ 1, 0, 0, 0, 0, 0 ], [ 0, 1, 0, 0, 0, 0 ], [ 0, 0, 0, 1, 1, 2 ], [ 0, 0, 1, 2, 1, 1 ], [ 0, 0, 2, 2, 0, 2 ], [ 0, 0, 1, 2, 2, 2 ] ] ]
158;3888;[ [ [ 1, 2, 1, 0, 2, 1 ], [ 0, 1, 0, 0, 0, 0 ], [ 0, 2, 1, 2, 2, 2 ], [ 0, 0, 1, 2, 0, 2 ], [ 0, 2, 2, 1, 0, 0 ], [ 0, 1, 2, 0, 1, 0 ] ], [ [ 1, 1, 0, 0, 0, 0 ], [ 0, 1, 0, 0, 0, 0 ], [ 0, 0, 1, 0, 0, 0 ], [ 0, 0, 0, 1, 0, 0 ], [ 0, 0, 0, 0, 1, 0 ], [ 0, 0, 0, 0, 0, 1 ] ], [ [ 1, 2, 1, 1, 0, 1 ], [ 0, 1, 0, 0, 0, 0 ], [ 0, 1, 0, 2, 0, 2 ], [ 0, 2, 1, 2, 0, 1 ], [ 0, 1, 2, 2, 1, 2 ], [ 0, 0, 0, 0, 0, 1 ] ], [ [ 1, 0, 0, 0, 0, 0 ], [ 0, 1, 0, 0, 0, 0 ], [ 0, 0, 2, 1, 0, 1 ], [ 0, 0, 2, 0, 0, 2 ], [ 0, 0, 1, 1, 1, 1 ], [ 0, 0, 0, 0, 0, 1 ] ], [ [ 1, 0, 1, 2, 0, 2 ], [ 0, 1, 0, 0, 0, 0 ], [ 0, 2, 2, 0, 2, 0 ], [ 0, 2, 0, 1, 0, 1 ], [ 0, 1, 0, 2, 0, 1 ], [ 0, 0, 2, 0, 1, 0 ] ], [ [ 1, 0, 2, 1, 0, 0 ], [ 0, 1, 0, 0, 0, 0 ], [ 0, 1, 1, 0, 1, 0 ], [ 0, 2, 0, 2, 0, 2 ], [ 0, 1, 0, 1, 0, 2 ], [ 0, 1, 1, 0, 2, 0 ] ], [ [ 1, 2, 0, 2, 0, 0 ], [ 0, 1, 0, 0, 0, 0 ], [ 0, 2, 1, 1, 2, 0 ], [ 0, 2, 1, 0, 1, 1 ], [ 0, 1, 2, 0, 1, 1 ], [ 0, 2, 1, 1, 1, 0 ] ] ]
159;51840;[ [ [ 1, 0, 0, 0, 0, 0 ], [ 0, 1, 0, 0, 0, 0 ], [ 0, 0, 1, 0, 0, 0 ], [ 0, 0, 0, 1, 0, 0 ], [ 0, 0, 0, 0, 1, 1 ], [ 0, 0, 0, 0, 0, 1 ] ], [ [ 1, 2, 0, 1, 0, 2 ], [ 0, 1, 0, 0, 0, 0 ], [ 0, 1, 1, 2, 0, 1 ], [ 0, 0, 0, 1, 0, 0 ], [ 0, 2, 0, 1, 1, 2 ], [ 0, 0, 0, 0, 0, 1 ] ], [ [ 1, 2, 0, 0, 2, 1 ], [ 0, 1, 0, 0, 0, 0 ], [ 0, 2, 1, 1, 0, 2 ], [ 0, 0, 0, 1, 0, 0 ], [ 0, 0, 0, 1, 2, 1 ], [ 0, 2, 0, 2, 1, 1 ] ], [ [ 1, 1, 1, 2, 0, 1 ], [ 0, 1, 0, 0, 0, 0 ], [ 0, 2, 0, 1, 0, 2 ], [ 0, 1, 2, 0, 0, 1 ], [ 0, 1, 1, 2, 1, 1 ], [ 0, 0, 0, 0, 0, 1 ] ] ]
160;155520;[ [ [ 1, 1, 0, 0, 0, 0 ], [ 0, 1, 0, 0, 0, 0 ], [ 0, 0, 1, 0, 0, 0 ], [ 0, 0, 0, 1, 0, 0 ], [ 0, 0, 0, 0, 1, 0 ], [ 0, 0, 0, 0, 0, 1 ] ], [ [ 1, 0, 0, 0, 0, 0 ], [ 0, 1, 0, 0, 0, 0 ], [ 0, 0, 1, 0, 0, 0 ], [ 0, 0, 0, 1, 0, 0 ], [ 0, 0, 0, 0, 1, 1 ], [ 0, 0, 0, 0, 0, 1 ] ], [ [ 1, 1, 1, 1, 2, 0 ], [ 0, 1, 0, 0, 0, 0 ], [ 0, 1, 2, 1, 2, 0 ], [ 0, 2, 2, 0, 1, 0 ], [ 0, 0, 0, 0, 1, 0 ], [ 0, 1, 1, 1, 2, 1 ] ], [ [ 1, 0, 0, 0, 0, 0 ], [ 0, 1, 0, 0, 0, 0 ], [ 0, 0, 0, 2, 2, 2 ], [ 0, 0, 1, 2, 1, 1 ], [ 0, 0, 2, 2, 0, 2 ], [ 0, 0, 1, 1, 1, 2 ] ], [ [ 1, 0, 2, 1, 0, 1 ], [ 0, 1, 0, 0, 0, 0 ], [ 0, 1, 0, 0, 1, 2 ], [ 0, 0, 1, 0, 2, 2 ], [ 0, 2, 1, 2, 2, 1 ], [ 0, 0, 2, 2, 2, 1 ] ] ]
161;648;[ [ [ 1, 2, 2, 2, 2, 0 ], [ 0, 1, 0, 0, 0, 0 ], [ 0, 2, 0, 2, 2, 0 ], [ 0, 1, 1, 2, 1, 0 ], [ 0, 0, 0, 0, 1, 0 ], [ 0, 1, 1, 1, 1, 1 ] ], [ [ 1, 2, 1, 2, 1, 1 ], [ 0, 1, 0, 0, 0, 0 ], [ 0, 2, 2, 2, 1, 1 ], [ 0, 1, 1, 2, 1, 0 ], [ 0, 0, 2, 0, 0, 1 ], [ 0, 1, 1, 1, 1, 1 ] ], [ [ 1, 2, 1, 0, 0, 0 ], [ 0, 1, 0, 0, 0, 0 ], [ 0, 2, 0, 1, 0, 1 ], [ 0, 1, 1, 2, 1, 0 ], [ 0, 0, 1, 0, 2, 2 ], [ 0, 1, 2, 2, 1, 2 ] ] ]
162;1944;[ [ [ 1, 0, 0, 0, 0, 0 ], [ 0, 1, 0, 0, 0, 0 ], [ 0, 0, 1, 1, 2, 1 ], [ 0, 0, 0, 1, 0, 0 ], [ 0, 0, 0, 1, 0, 1 ], [ 0, 0, 0, 1, 2, 2 ] ], [ [ 1, 0, 0, 0, 0, 0 ], [ 0, 1, 0, 0, 0, 0 ], [ 0, 0, 1, 1, 2, 1 ], [ 0, 0, 0, 1, 0, 0 ], [ 0, 0, 0, 2, 1, 1 ], [ 0, 0, 0, 0, 1, 2 ] ], [ [ 1, 1, 1, 2, 1, 0 ], [ 0, 1, 0, 0, 0, 0 ], [ 0, 2, 2, 2, 1, 0 ], [ 0, 2, 0, 0, 0, 1 ], [ 0, 2, 1, 2, 0, 1 ], [ 0, 0, 1, 0, 0, 2 ] ] ]
163;3888;[ [ [ 1, 1, 0, 0, 0, 0 ], [ 0, 1, 0, 0, 0, 0 ], [ 0, 0, 1, 0, 0, 0 ], [ 0, 0, 0, 1, 0, 0 ], [ 0, 0, 0, 0, 1, 0 ], [ 0, 0, 0, 0, 0, 1 ] ], [ [ 1, 1, 1, 0, 1, 2 ], [ 0, 1, 0, 0, 0, 0 ], [ 0, 0, 1, 0, 0, 0 ], [ 0, 2, 2, 1, 2, 1 ], [ 0, 2, 2, 0, 0, 1 ], [ 0, 2, 2, 0, 2, 2 ] ], [ [ 1, 0, 0, 0, 0, 0 ], [ 0, 1, 0, 0, 0, 0 ], [ 0, 0, 1, 0, 0, 0 ], [ 0, 0, 2, 1, 2, 1 ], [ 0, 0, 2, 0, 0, 1 ], [ 0, 0, 2, 0, 2, 2 ] ], [ [ 1, 1, 1, 0, 0, 2 ], [ 0, 1, 0, 0, 0, 0 ], [ 0, 1, 2, 2, 0, 0 ], [ 0, 1, 0, 2, 0, 2 ], [ 0, 0, 2, 2, 1, 2 ], [ 0, 0, 2, 2, 1, 0 ] ], [ [ 1, 2, 1, 2, 0, 2 ], [ 0, 1, 0, 0, 0, 0 ], [ 0, 1, 1, 1, 0, 0 ], [ 0, 0, 1, 2, 0, 2 ], [ 0, 0, 2, 2, 2, 2 ], [ 0, 0, 2, 2, 2, 1 ] ] ]
164;51840;[ [ [ 1, 0, 0, 0, 0, 0 ], [ 0, 1, 0, 0, 0, 0 ], [ 0, 0, 1, 0, 0, 0 ], [ 0, 0, 0, 1, 0, 0 ], [ 0, 0, 0, 0, 1, 1 ], [ 0, 0, 0, 0, 0, 1 ] ], [ [ 1, 2, 1, 0, 2, 2 ], [ 0, 1, 0, 0, 0, 0 ], [ 0, 0, 1, 0, 0, 0 ], [ 0, 2, 1, 1, 2, 2 ], [ 0, 2, 1, 0, 0, 2 ], [ 0, 1, 2, 0, 1, 2 ] ], [ [ 1, 1, 0, 1, 2, 0 ], [ 0, 1, 0, 0, 0, 0 ], [ 0, 1, 2, 2, 0, 2 ], [ 0, 0, 2, 0, 2, 1 ], [ 0, 0, 2, 2, 0, 1 ], [ 0, 1, 2, 0, 1, 2 ] ], [ [ 1, 1, 0, 1, 2, 0 ], [ 0, 1, 0, 0, 0, 0 ], [ 0, 1, 1, 1, 2, 0 ], [ 0, 0, 0, 1, 0, 0 ], [ 0, 0, 0, 0, 1, 0 ], [ 0, 1, 0, 1, 2, 1 ] ], [ [ 1, 2, 2, 0, 2, 0 ], [ 0, 1, 0, 0, 0, 0 ], [ 0, 0, 0, 2, 2, 1 ], [ 0, 2, 1, 1, 2, 1 ], [ 0, 0, 1, 2, 0, 1 ], [ 0, 1, 2, 1, 2, 0 ] ] ]
165;155520;[ [ [ 1, 1, 2, 0, 0, 2 ], [ 0, 1, 0, 0, 0, 0 ], [ 0, 0, 2, 0, 0, 0 ], [ 0, 2, 0, 2, 0, 0 ], [ 0, 1, 0, 0, 2, 0 ], [ 0, 0, 0, 0, 0, 2 ] ], [ [ 1, 1, 0, 0, 0, 0 ], [ 0, 1, 0, 0, 0, 0 ], [ 0, 0, 1, 0, 0, 0 ], [ 0, 0, 0, 1, 0, 0 ], [ 0, 0, 0, 0, 1, 0 ], [ 0, 0, 0, 0, 0, 1 ] ], [ [ 1, 0, 0, 0, 0, 0 ], [ 0, 1, 0, 0, 0, 0 ], [ 0, 0, 1, 0, 0, 0 ], [ 0, 0, 0, 1, 0, 0 ], [ 0, 0, 0, 0, 1, 1 ], [ 0, 0, 0, 0, 0, 1 ] ], [ [ 1, 0, 0, 0, 0, 0 ], [ 0, 1, 0, 0, 0, 0 ], [ 0, 0, 0, 1, 1, 2 ], [ 0, 0, 2, 2, 1, 2 ], [ 0, 0, 1, 2, 0, 1 ], [ 0, 0, 1, 2, 2, 2 ] ], [ [ 1, 0, 1, 2, 2, 0 ], [ 0, 1, 0, 0, 0, 0 ], [ 0, 1, 2, 0, 1, 0 ], [ 0, 1, 0, 2, 2, 0 ], [ 0, 2, 1, 1, 1, 1 ], [ 0, 2, 1, 1, 0, 1 ] ], [ [ 1, 0, 1, 0, 2, 1 ], [ 0, 1, 0, 0, 0, 0 ], [ 0, 1, 2, 2, 0, 0 ], [ 0, 0, 0, 2, 1, 1 ], [ 0, 1, 1, 1, 0, 2 ], [ 0, 0, 1, 1, 1, 0 ] ] ]
210;5832;[ [ [ 1, 1, 1, 1, 1, 0 ], [ 0, 1, 0, 0, 0, 0 ], [ 0, 1, 2, 2, 0, 2 ], [ 0, 2, 2, 0, 2, 0 ], [ 0, 0, 0, 2, 2, 1 ], [ 0, 2, 2, 0, 1, 0 ] ], [ [ 1, 1, 0, 0, 0, 0 ], [ 0, 1, 0, 0, 0, 0 ], [ 0, 0, 1, 0, 0, 0 ], [ 0, 0, 0, 1, 0, 0 ], [ 0, 0, 0, 0, 1, 0 ], [ 0, 0, 0, 0, 0, 1 ] ], [ [ 1, 1, 2, 2, 2, 0 ], [ 0, 1, 0, 0, 0, 0 ], [ 0, 2, 2, 1, 1, 0 ], [ 0, 1, 2, 0, 2, 0 ], [ 0, 0, 0, 0, 1, 0 ], [ 0, 1, 2, 2, 2, 1 ] ], [ [ 1, 1, 2, 2, 2, 0 ], [ 0, 1, 0, 0, 0, 0 ], [ 0, 2, 2, 2, 2, 2 ], [ 0, 1, 2, 0, 2, 0 ], [ 0, 0, 0, 2, 0, 1 ], [ 0, 1, 2, 2, 1, 1 ] ], [ [ 1, 2, 1, 2, 0, 2 ], [ 0, 1, 0, 0, 0, 0 ], [ 0, 2, 2, 2, 0, 2 ], [ 0, 2, 1, 0, 0, 2 ], [ 0, 2, 1, 2, 1, 2 ], [ 0, 0, 0, 0, 0, 1 ] ], [ [ 1, 0, 1, 2, 2, 1 ], [ 0, 1, 0, 0, 0, 0 ], [ 0, 1, 2, 1, 2, 2 ], [ 0, 0, 1, 2, 2, 1 ], [ 0, 0, 2, 2, 1, 0 ], [ 0, 0, 2, 1, 0, 0 ] ], [ [ 1, 1, 2, 2, 1, 1 ], [ 0, 1, 0, 0, 0, 0 ], [ 0, 2, 1, 1, 1, 2 ], [ 0, 1, 2, 2, 1, 0 ], [ 0, 2, 0, 2, 2, 2 ], [ 0, 1, 1, 2, 1, 1 ] ] ]
211;1296;[ [ [ 1, 0, 0, 0, 0, 0 ], [ 0, 1, 0, 0, 0, 0 ], [ 0, 0, 1, 1, 2, 1 ], [ 0, 0, 0, 1, 0, 0 ], [ 0, 0, 0, 1, 0, 1 ], [ 0, 0, 0, 1, 2, 2 ] ], [ [ 1, 0, 0, 0, 0, 0 ], [ 0, 1, 0, 0, 0, 0 ], [ 0, 0, 1, 2, 1, 2 ], [ 0, 0, 1, 2, 1, 0 ], [ 0, 0, 1, 0, 0, 2 ], [ 0, 0, 2, 1, 0, 0 ] ], [ [ 1, 0, 1, 2, 0, 1 ], [ 0, 1, 0, 0, 0, 0 ], [ 0, 1, 1, 2, 1, 0 ], [ 0, 1, 1, 2, 1, 1 ], [ 0, 2, 2, 2, 0, 2 ], [ 0, 0, 2, 1, 0, 0 ] ], [ [ 1, 1, 2, 1, 2, 2 ], [ 0, 1, 0, 0, 0, 0 ], [ 0, 2, 0, 1, 1, 2 ], [ 0, 2, 2, 1, 2, 1 ], [ 0, 0, 1, 1, 0, 1 ], [ 0, 2, 2, 2, 2, 0 ] ] ]
212;1296;[ [ [ 1, 0, 0, 0, 0, 0 ], [ 0, 1, 0, 0, 0, 0 ], [ 0, 0, 0, 1, 2, 2 ], [ 0, 0, 2, 2, 2, 2 ], [ 0, 0, 1, 2, 2, 1 ], [ 0, 0, 2, 1, 2, 0 ] ], [ [ 1, 2, 2, 0, 2, 2 ], [ 0, 1, 0, 0, 0, 0 ], [ 0, 1, 1, 1, 0, 0 ], [ 0, 2, 1, 2, 1, 1 ], [ 0, 1, 2, 2, 0, 2 ], [ 0, 2, 1, 1, 1, 2 ] ], [ [ 1, 0, 1, 2, 0, 0 ], [ 0, 1, 0, 0, 0, 0 ], [ 0, 1, 2, 0, 1, 1 ], [ 0, 1, 0, 2, 1, 1 ], [ 0, 0, 2, 1, 1, 2 ], [ 0, 0, 1, 2, 1, 0 ] ] ]
213;104976;[ [ [ 1, 1, 2, 2, 1, 0 ], [ 0, 1, 0, 0, 0, 0 ], [ 0, 2, 0, 2, 1, 0 ], [ 0, 1, 1, 2, 2, 0 ], [ 0, 0, 0, 0, 1, 0 ], [ 0, 2, 2, 2, 1, 1 ] ], [ [ 1, 1, 0, 0, 0, 0 ], [ 0, 1, 0, 0, 0, 0 ], [ 0, 0, 1, 0, 0, 0 ], [ 0, 0, 0, 1, 0, 0 ], [ 0, 0, 0, 0, 1, 0 ], [ 0, 0, 0, 0, 0, 1 ] ], [ [ 1, 0, 0, 0, 1, 0 ], [ 0, 1, 0, 0, 0, 0 ], [ 0, 0, 1, 0, 0, 0 ], [ 0, 0, 0, 1, 0, 0 ], [ 0, 0, 0, 0, 1, 0 ], [ 0, 2, 0, 0, 0, 1 ] ], [ [ 1, 1, 2, 1, 2, 2 ], [ 0, 1, 0, 0, 0, 0 ], [ 0, 1, 0, 1, 2, 2 ], [ 0, 1, 2, 2, 2, 2 ], [ 0, 2, 1, 2, 2, 1 ], [ 0, 1, 2, 1, 2, 0 ] ], [ [ 1, 0, 0, 0, 0, 0 ], [ 0, 1, 0, 0, 0, 0 ], [ 0, 0, 1, 0, 0, 0 ], [ 0, 0, 0, 1, 0, 0 ], [ 0, 0, 0, 0, 1, 0 ], [ 0, 0, 0, 0, 2, 1 ] ], [ [ 1, 0, 0, 0, 0, 0 ], [ 0, 1, 0, 0, 0, 0 ], [ 0, 0, 1, 1, 2, 1 ], [ 0, 0, 0, 1, 0, 0 ], [ 0, 0, 0, 1, 0, 1 ], [ 0, 0, 0, 2, 2, 0 ] ], [ [ 1, 2, 1, 0, 0, 0 ], [ 0, 1, 0, 0, 0, 0 ], [ 0, 1, 0, 2, 1, 1 ], [ 0, 0, 1, 0, 0, 0 ], [ 0, 0, 2, 0, 0, 1 ], [ 0, 0, 1, 0, 2, 1 ] ] ]
214;104976;[ [ [ 1, 2, 2, 1, 0, 1 ], [ 0, 1, 0, 0, 0, 0 ], [ 0, 1, 0, 1, 0, 1 ], [ 0, 1, 2, 2, 0, 1 ], [ 0, 1, 2, 1, 1, 1 ], [ 0, 0, 0, 0, 0, 1 ] ], [ [ 1, 1, 0, 0, 0, 0 ], [ 0, 1, 0, 0, 0, 0 ], [ 0, 0, 1, 0, 0, 0 ], [ 0, 0, 0, 1, 0, 0 ], [ 0, 0, 0, 0, 1, 0 ], [ 0, 0, 0, 0, 0, 1 ] ], [ [ 1, 0, 0, 0, 0, 0 ], [ 0, 1, 0, 0, 0, 0 ], [ 0, 0, 1, 0, 0, 0 ], [ 0, 0, 0, 1, 0, 0 ], [ 0, 0, 0, 0, 1, 1 ], [ 0, 0, 0, 0, 0, 1 ] ], [ [ 1, 1, 0, 2, 1, 1 ], [ 0, 1, 0, 0, 0, 0 ], [ 0, 2, 1, 1, 2, 2 ], [ 0, 0, 0, 1, 0, 0 ], [ 0, 1, 0, 2, 2, 1 ], [ 0, 2, 0, 1, 2, 0 ] ], [ [ 1, 0, 0, 0, 0, 0 ], [ 0, 1, 0, 0, 0, 0 ], [ 0, 0, 1, 2, 1, 0 ], [ 0, 0, 0, 1, 0, 0 ], [ 0, 0, 0, 0, 1, 0 ], [ 0, 0, 0, 2, 1, 1 ] ], [ [ 1, 0, 2, 0, 1, 2 ], [ 0, 1, 0, 0, 0, 0 ], [ 0, 2, 2, 2, 0, 0 ], [ 0, 0, 0, 2, 2, 0 ], [ 0, 0, 2, 2, 0, 2 ], [ 0, 2, 1, 1, 1, 1 ] ], [ [ 1, 2, 2, 0, 2, 0 ], [ 0, 1, 0, 0, 0, 0 ], [ 0, 1, 0, 0, 2, 1 ], [ 0, 0, 0, 0, 2, 0 ], [ 0, 0, 2, 0, 0, 0 ], [ 0, 2, 1, 2, 0, 0 ] ] ]
215;5832;[ [ [ 1, 1, 0, 0, 0, 0 ], [ 0, 1, 0, 0, 0, 0 ], [ 0, 0, 1, 0, 0, 0 ], [ 0, 0, 0, 1, 0, 0 ], [ 0, 0, 0, 0, 1, 0 ], [ 0, 0, 0, 0, 0, 1 ] ], [ [ 1, 2, 1, 0, 2, 2 ], [ 0, 1, 0, 0, 0, 0 ], [ 0, 0, 1, 0, 0, 0 ], [ 0, 0, 1, 1, 2, 0 ], [ 0, 2, 1, 0, 0, 2 ], [ 0, 0, 2, 0, 1, 1 ] ], [ [ 1, 0, 0, 0, 0, 0 ], [ 0, 1, 0, 0, 0, 0 ], [ 0, 0, 1, 0, 0, 0 ], [ 0, 0, 1, 1, 2, 1 ], [ 0, 0, 2, 0, 2, 2 ], [ 0, 0, 2, 0, 1, 0 ] ], [ [ 1, 2, 0, 2, 0, 2 ], [ 0, 1, 0, 0, 0, 0 ], [ 0, 0, 2, 0, 1, 1 ], [ 0, 0, 1, 2, 2, 2 ], [ 0, 2, 0, 0, 1, 1 ], [ 0, 0, 0, 1, 0, 1 ] ], [ [ 1, 0, 1, 0, 1, 2 ], [ 0, 1, 0, 0, 0, 0 ], [ 0, 2, 1, 2, 2, 0 ], [ 0, 0, 1, 2, 2, 2 ], [ 0, 0, 1, 1, 0, 2 ], [ 0, 1, 1, 2, 0, 0 ] ] ]
216;1296;[ [ [ 1, 0, 0, 0, 0, 0 ], [ 0, 1, 0, 0, 0, 0 ], [ 0, 0, 0, 2, 2, 0 ], [ 0, 0, 1, 2, 1, 0 ], [ 0, 0, 0, 0, 1, 0 ], [ 0, 0, 1, 1, 1, 1 ] ], [ [ 1, 0, 2, 2, 2, 0 ], [ 0, 1, 0, 0, 0, 0 ], [ 0, 2, 2, 0, 2, 1 ], [ 0, 1, 1, 0, 0, 2 ], [ 0, 0, 1, 1, 2, 0 ], [ 0, 1, 0, 1, 2, 0 ] ], [ [ 1, 1, 0, 2, 0, 2 ], [ 0, 1, 0, 0, 0, 0 ], [ 0, 1, 1, 0, 1, 2 ], [ 0, 2, 2, 1, 2, 1 ], [ 0, 2, 0, 1, 1, 1 ], [ 0, 1, 0, 1, 2, 0 ] ], [ [ 1, 1, 1, 1, 0, 0 ], [ 0, 1, 0, 0, 0, 0 ], [ 0, 1, 0, 2, 0, 2 ], [ 0, 2, 0, 1, 1, 0 ], [ 0, 2, 1, 2, 2, 1 ], [ 0, 1, 1, 0, 2, 1 ] ] ]
217;1296;[ [ [ 1, 1, 2, 2, 0, 0 ], [ 0, 1, 0, 0, 0, 0 ], [ 0, 2, 2, 1, 0, 0 ], [ 0, 1, 2, 0, 0, 0 ], [ 0, 0, 0, 0, 1, 0 ], [ 0, 0, 0, 0, 0, 1 ] ], [ [ 1, 1, 2, 2, 0, 0 ], [ 0, 1, 0, 0, 0, 0 ], [ 0, 2, 2, 1, 0, 0 ], [ 0, 1, 2, 0, 0, 0 ], [ 0, 0, 0, 0, 2, 0 ], [ 0, 0, 0, 0, 0, 2 ] ], [ [ 1, 1, 2, 2, 0, 0 ], [ 0, 1, 0, 0, 0, 0 ], [ 0, 2, 2, 1, 0, 0 ], [ 0, 1, 2, 0, 0, 0 ], [ 0, 0, 0, 0, 2, 1 ], [ 0, 0, 0, 0, 2, 0 ] ], [ [ 1, 1, 2, 2, 2, 2 ], [ 0, 1, 0, 0, 0, 0 ], [ 0, 2, 2, 1, 1, 1 ], [ 0, 1, 2, 0, 2, 2 ], [ 0, 1, 2, 2, 2, 0 ], [ 0, 2, 1, 1, 0, 2 ] ], [ [ 1, 1, 0, 1, 0, 0 ], [ 0, 1, 0, 0, 0, 0 ], [ 0, 2, 2, 1, 0, 0 ], [ 0, 1, 1, 1, 0, 0 ], [ 0, 0, 0, 0, 2, 0 ], [ 0, 0, 0, 0, 0, 2 ] ] ]
218;104976;[ [ [ 1, 1, 0, 0, 0, 0 ], [ 0, 1, 0, 0, 0, 0 ], [ 0, 0, 1, 0, 0, 0 ], [ 0, 0, 0, 1, 0, 0 ], [ 0, 0, 0, 0, 1, 0 ], [ 0, 0, 0, 0, 0, 1 ] ], [ [ 1, 0, 0, 0, 1, 0 ], [ 0, 1, 0, 0, 0, 0 ], [ 0, 0, 1, 0, 0, 0 ], [ 0, 0, 0, 1, 0, 0 ], [ 0, 0, 0, 0, 1, 0 ], [ 0, 2, 0, 0, 0, 1 ] ], [ [ 1, 2, 1, 1, 1, 0 ], [ 0, 1, 0, 0, 0, 0 ], [ 0, 1, 0, 2, 2, 0 ], [ 0, 2, 1, 2, 1, 0 ], [ 0, 0, 0, 0, 1, 0 ], [ 0, 2, 1, 1, 1, 1 ] ], [ [ 1, 0, 0, 0, 0, 0 ], [ 0, 1, 0, 0, 0, 0 ], [ 0, 0, 1, 1, 0, 1 ], [ 0, 0, 0, 1, 0, 0 ], [ 0, 0, 0, 1, 1, 1 ], [ 0, 0, 0, 0, 0, 1 ] ], [ [ 1, 0, 0, 0, 0, 0 ], [ 0, 1, 0, 0, 0, 0 ], [ 0, 0, 0, 0, 2, 1 ], [ 0, 0, 0, 0, 0, 2 ], [ 0, 0, 2, 2, 0, 0 ], [ 0, 0, 0, 2, 0, 0 ] ], [ [ 1, 2, 2, 2, 0, 1 ], [ 0, 1, 0, 0, 0, 0 ], [ 0, 1, 1, 2, 0, 0 ], [ 0, 2, 2, 2, 2, 1 ], [ 0, 2, 1, 2, 1, 1 ], [ 0, 1, 0, 0, 1, 2 ] ] ]
219;104976;[ [ [ 1, 1, 0, 0, 0, 0 ], [ 0, 1, 0, 0, 0, 0 ], [ 0, 0, 1, 0, 0, 0 ], [ 0, 0, 0, 1, 0, 0 ], [ 0, 0, 0, 0, 1, 0 ], [ 0, 0, 0, 0, 0, 1 ] ], [ [ 1, 0, 0, 0, 0, 0 ], [ 0, 1, 0, 0, 0, 0 ], [ 0, 0, 1, 0, 0, 0 ], [ 0, 0, 0, 1, 0, 0 ], [ 0, 0, 0, 0, 1, 1 ], [ 0, 0, 0, 0, 0, 1 ] ], [ [ 1, 2, 0, 0, 0, 1 ], [ 0, 1, 0, 0, 0, 0 ], [ 0, 0, 1, 0, 0, 0 ], [ 0, 0, 0, 1, 0, 0 ], [ 0, 1, 0, 0, 1, 2 ], [ 0, 0, 0, 0, 0, 1 ] ], [ [ 1, 0, 0, 0, 0, 0 ], [ 0, 1, 0, 0, 0, 0 ], [ 0, 0, 0, 2, 2, 1 ], [ 0, 0, 1, 2, 1, 2 ], [ 0, 0, 1, 1, 2, 2 ], [ 0, 0, 1, 1, 1, 0 ] ], [ [ 1, 0, 0, 0, 0, 0 ], [ 0, 1, 0, 0, 0, 0 ], [ 0, 0, 1, 2, 1, 0 ], [ 0, 0, 2, 1, 1, 1 ], [ 0, 0, 2, 0, 2, 1 ], [ 0, 0, 1, 2, 0, 0 ] ], [ [ 1, 0, 0, 1, 0, 0 ], [ 0, 1, 0, 0, 0, 0 ], [ 0, 1, 1, 1, 0, 2 ], [ 0, 2, 2, 2, 1, 0 ], [ 0, 1, 1, 2, 2, 1 ], [ 0, 0, 0, 1, 2, 1 ] ] ]
238;4374;[ [ [ 1, 1, 0, 2, 1, 1 ], [ 0, 1, 0, 0, 0, 0 ], [ 0, 2, 0, 1, 0, 1 ], [ 0, 0, 2, 2, 0, 1 ], [ 0, 1, 2, 1, 1, 1 ], [ 0, 2, 0, 0, 0, 1 ] ], [ [ 1, 1, 0, 0, 0, 0 ], [ 0, 1, 0, 0, 0, 0 ], [ 0, 0, 1, 0, 0, 0 ], [ 0, 0, 0, 1, 0, 0 ], [ 0, 0, 0, 0, 1, 0 ], [ 0, 0, 0, 0, 0, 1 ] ], [ [ 1, 1, 2, 2, 2, 0 ], [ 0, 1, 0, 0, 0, 0 ], [ 0, 2, 2, 1, 1, 0 ], [ 0, 1, 2, 0, 2, 0 ], [ 0, 0, 0, 0, 1, 0 ], [ 0, 1, 2, 2, 2, 1 ] ], [ [ 1, 2, 1, 0, 1, 2 ], [ 0, 1, 0, 0, 0, 0 ], [ 0, 2, 1, 2, 2, 0 ], [ 0, 0, 0, 2, 0, 1 ], [ 0, 0, 2, 1, 2, 0 ], [ 0, 1, 2, 2, 2, 1 ] ], [ [ 1, 0, 0, 0, 0, 0 ], [ 0, 1, 0, 0, 0, 0 ], [ 0, 0, 1, 0, 0, 0 ], [ 0, 0, 1, 1, 2, 1 ], [ 0, 0, 2, 0, 2, 2 ], [ 0, 0, 2, 0, 1, 0 ] ], [ [ 1, 2, 0, 0, 1, 0 ], [ 0, 1, 0, 0, 0, 0 ], [ 0, 0, 2, 1, 2, 0 ], [ 0, 1, 2, 1, 2, 2 ], [ 0, 2, 0, 2, 0, 1 ], [ 0, 0, 1, 2, 0, 0 ] ] ]
239;108;[ [ [ 1, 2, 0, 0, 2, 1 ], [ 0, 1, 0, 0, 0, 0 ], [ 0, 2, 2, 2, 1, 1 ], [ 0, 2, 1, 0, 1, 1 ], [ 0, 1, 0, 0, 2, 2 ], [ 0, 2, 2, 1, 0, 2 ] ], [ [ 1, 2, 1, 1, 1, 2 ], [ 0, 1, 0, 0, 0, 0 ], [ 0, 0, 2, 1, 1, 0 ], [ 0, 1, 1, 1, 2, 0 ], [ 0, 0, 0, 2, 2, 2 ], [ 0, 2, 0, 1, 2, 1 ] ] ]
240;162;[ [ [ 1, 0, 0, 0, 0, 0 ], [ 0, 1, 0, 0, 0, 0 ], [ 0, 0, 1, 1, 0, 1 ], [ 0, 0, 2, 0, 0, 0 ], [ 0, 0, 2, 0, 1, 1 ], [ 0, 0, 0, 0, 0, 1 ] ], [ [ 1, 0, 0, 2, 0, 1 ], [ 0, 1, 0, 0, 0, 0 ], [ 0, 2, 1, 0, 0, 1 ], [ 0, 0, 0, 1, 0, 2 ], [ 0, 0, 1, 1, 1, 0 ], [ 0, 0, 0, 0, 0, 1 ] ] ]
241;216;[ [ [ 1, 0, 0, 0, 0, 0 ], [ 0, 1, 0, 0, 0, 0 ], [ 0, 0, 0, 2, 2, 2 ], [ 0, 0, 1, 2, 1, 1 ], [ 0, 0, 1, 1, 2, 0 ], [ 0, 0, 1, 1, 1, 2 ] ], [ [ 1, 2, 2, 1, 0, 1 ], [ 0, 1, 0, 0, 0, 0 ], [ 0, 1, 2, 2, 0, 2 ], [ 0, 1, 1, 0, 0, 2 ], [ 0, 1, 1, 2, 1, 2 ], [ 0, 0, 0, 0, 0, 1 ] ], [ [ 1, 2, 2, 1, 1, 0 ], [ 0, 1, 0, 0, 0, 0 ], [ 0, 1, 1, 1, 0, 1 ], [ 0, 1, 2, 1, 1, 2 ], [ 0, 2, 1, 0, 2, 2 ], [ 0, 1, 1, 2, 1, 2 ] ] ]
242;2916;[ [ [ 1, 0, 2, 2, 2, 0 ], [ 0, 1, 0, 0, 0, 0 ], [ 0, 2, 0, 2, 2, 0 ], [ 0, 1, 0, 2, 2, 2 ], [ 0, 0, 1, 0, 0, 1 ], [ 0, 1, 2, 1, 0, 2 ] ], [ [ 1, 1, 0, 0, 0, 0 ], [ 0, 1, 0, 0, 0, 0 ], [ 0, 0, 1, 0, 0, 0 ], [ 0, 0, 0, 1, 0, 0 ], [ 0, 0, 0, 0, 1, 0 ], [ 0, 0, 0, 0, 0, 1 ] ], [ [ 1, 1, 2, 2, 2, 0 ], [ 0, 1, 0, 0, 0, 0 ], [ 0, 2, 2, 1, 1, 0 ], [ 0, 1, 2, 0, 2, 0 ], [ 0, 0, 0, 0, 1, 0 ], [ 0, 1, 2, 2, 2, 1 ] ], [ [ 1, 0, 0, 0, 0, 0 ], [ 0, 1, 0, 0, 0, 0 ], [ 0, 0, 0, 0, 1, 2 ], [ 0, 0, 0, 0, 0, 1 ], [ 0, 0, 1, 1, 0, 0 ], [ 0, 0, 0, 1, 0, 0 ] ], [ [ 1, 0, 0, 0, 0, 0 ], [ 0, 1, 0, 0, 0, 0 ], [ 0, 0, 1, 0, 0, 0 ], [ 0, 0, 1, 1, 2, 1 ], [ 0, 0, 2, 0, 2, 2 ], [ 0, 0, 2, 0, 1, 0 ] ], [ [ 1, 0, 1, 0, 2, 1 ], [ 0, 1, 0, 0, 0, 0 ], [ 0, 0, 2, 0, 2, 1 ], [ 0, 1, 1, 2, 0, 0 ], [ 0, 2, 1, 2, 2, 2 ], [ 0, 2, 1, 2, 1, 0 ] ], [ [ 1, 0, 0, 1, 0, 1 ], [ 0, 1, 0, 0, 0, 0 ], [ 0, 2, 2, 0, 0, 0 ], [ 0, 0, 2, 2, 1, 2 ], [ 0, 2, 1, 0, 1, 1 ], [ 0, 0, 1, 0, 2, 0 ] ] ]
243;5832;[ [ [ 1, 0, 2, 2, 2, 0 ], [ 0, 1, 0, 0, 0, 0 ], [ 0, 2, 2, 2, 0, 2 ], [ 0, 1, 2, 0, 2, 0 ], [ 0, 0, 0, 2, 2, 1 ], [ 0, 1, 2, 0, 1, 0 ] ], [ [ 1, 1, 0, 0, 0, 0 ], [ 0, 1, 0, 0, 0, 0 ], [ 0, 0, 1, 0, 0, 0 ], [ 0, 0, 0, 1, 0, 0 ], [ 0, 0, 0, 0, 1, 0 ], [ 0, 0, 0, 0, 0, 1 ] ], [ [ 1, 2, 1, 1, 1, 0 ], [ 0, 1, 0, 0, 0, 0 ], [ 0, 1, 0, 2, 2, 0 ], [ 0, 2, 1, 2, 1, 0 ], [ 0, 0, 0, 0, 1, 0 ], [ 0, 2, 1, 1, 1, 1 ] ], [ [ 1, 1, 1, 0, 0, 2 ], [ 0, 1, 0, 0, 0, 0 ], [ 0, 1, 1, 1, 1, 1 ], [ 0, 0, 2, 2, 1, 2 ], [ 0, 1, 2, 2, 0, 0 ], [ 0, 2, 0, 2, 2, 0 ] ], [ [ 1, 2, 1, 1, 1, 0 ], [ 0, 1, 0, 0, 0, 0 ], [ 0, 1, 0, 2, 2, 0 ], [ 0, 2, 2, 2, 0, 1 ], [ 0, 0, 2, 0, 2, 2 ], [ 0, 2, 0, 1, 2, 0 ] ], [ [ 1, 0, 1, 1, 1, 2 ], [ 0, 1, 0, 0, 0, 0 ], [ 0, 2, 1, 2, 0, 0 ], [ 0, 0, 0, 1, 0, 2 ], [ 0, 2, 2, 1, 2, 0 ], [ 0, 0, 2, 1, 2, 2 ] ] ]
244;4374;[ [ [ 1, 1, 0, 0, 0, 0 ], [ 0, 1, 0, 0, 0, 0 ], [ 0, 0, 1, 0, 0, 0 ], [ 0, 0, 0, 1, 0, 0 ], [ 0, 0, 0, 0, 1, 0 ], [ 0, 0, 0, 0, 0, 1 ] ], [ [ 1, 0, 0, 0, 0, 0 ], [ 0, 1, 0, 0, 0, 0 ], [ 0, 0, 0, 2, 2, 0 ], [ 0, 0, 1, 2, 1, 0 ], [ 0, 0, 0, 0, 1, 0 ], [ 0, 0, 1, 1, 1, 1 ] ], [ [ 1, 1, 0, 1, 2, 2 ], [ 0, 1, 0, 0, 0, 0 ], [ 0, 1, 0, 0, 1, 2 ], [ 0, 0, 1, 2, 1, 0 ], [ 0, 2, 0, 2, 2, 1 ], [ 0, 1, 1, 2, 0, 0 ] ], [ [ 1, 0, 2, 0, 0, 0 ], [ 0, 1, 0, 0, 0, 0 ], [ 0, 2, 2, 2, 1, 1 ], [ 0, 0, 0, 0, 2, 0 ], [ 0, 0, 1, 0, 1, 0 ], [ 0, 1, 0, 1, 2, 0 ] ], [ [ 1, 1, 2, 0, 1, 2 ], [ 0, 1, 0, 0, 0, 0 ], [ 0, 0, 0, 2, 2, 0 ], [ 0, 1, 0, 2, 2, 2 ], [ 0, 2, 1, 0, 0, 1 ], [ 0, 2, 2, 1, 0, 2 ] ], [ [ 1, 0, 2, 1, 2, 2 ], [ 0, 1, 0, 0, 0, 0 ], [ 0, 0, 2, 0, 2, 0 ], [ 0, 2, 2, 0, 2, 2 ], [ 0, 1, 1, 0, 0, 0 ], [ 0, 2, 2, 1, 0, 2 ] ] ]
245;108;[ [ [ 1, 2, 1, 1, 0, 1 ], [ 0, 1, 0, 0, 0, 0 ], [ 0, 1, 0, 2, 0, 2 ], [ 0, 0, 1, 1, 0, 0 ], [ 0, 1, 2, 2, 1, 2 ], [ 0, 0, 0, 0, 0, 1 ] ], [ [ 1, 2, 0, 1, 1, 2 ], [ 0, 1, 0, 0, 0, 0 ], [ 0, 1, 0, 2, 0, 2 ], [ 0, 2, 1, 1, 0, 2 ], [ 0, 0, 1, 2, 2, 2 ], [ 0, 1, 0, 0, 0, 2 ] ], [ [ 1, 2, 1, 0, 2, 1 ], [ 0, 1, 0, 0, 0, 0 ], [ 0, 0, 0, 2, 2, 0 ], [ 0, 2, 2, 2, 0, 1 ], [ 0, 1, 2, 0, 2, 2 ], [ 0, 1, 0, 1, 2, 0 ] ] ]
246;162;[ [ [ 1, 2, 1, 0, 0, 0 ], [ 0, 1, 0, 0, 0, 0 ], [ 0, 1, 0, 2, 0, 0 ], [ 0, 2, 1, 1, 0, 0 ], [ 0, 0, 0, 0, 1, 0 ], [ 0, 0, 0, 0, 0, 1 ] ], [ [ 1, 2, 0, 0, 0, 2 ], [ 0, 1, 0, 0, 0, 0 ], [ 0, 0, 1, 0, 0, 0 ], [ 0, 0, 0, 1, 0, 0 ], [ 0, 2, 0, 0, 1, 2 ], [ 0, 0, 0, 0, 0, 1 ] ], [ [ 1, 1, 2, 0, 0, 1 ], [ 0, 1, 0, 0, 0, 0 ], [ 0, 2, 0, 2, 0, 0 ], [ 0, 1, 1, 1, 0, 1 ], [ 0, 2, 0, 1, 1, 1 ], [ 0, 0, 0, 0, 0, 1 ] ] ]
247;216;[ [ [ 1, 0, 1, 1, 0, 0 ], [ 0, 1, 0, 0, 0, 0 ], [ 0, 2, 2, 0, 0, 1 ], [ 0, 1, 0, 2, 0, 2 ], [ 0, 0, 2, 2, 1, 0 ], [ 0, 0, 0, 0, 0, 1 ] ], [ [ 1, 2, 2, 1, 0, 1 ], [ 0, 1, 0, 0, 0, 0 ], [ 0, 1, 2, 2, 0, 2 ], [ 0, 1, 1, 0, 0, 2 ], [ 0, 1, 1, 2, 1, 2 ], [ 0, 0, 0, 0, 0, 1 ] ], [ [ 1, 0, 0, 0, 1, 2 ], [ 0, 1, 0, 0, 0, 0 ], [ 0, 2, 1, 2, 1, 0 ], [ 0, 1, 0, 2, 0, 2 ], [ 0, 2, 1, 0, 2, 2 ], [ 0, 2, 0, 2, 0, 1 ] ], [ [ 1, 1, 0, 1, 1, 2 ], [ 0, 1, 0, 0, 0, 0 ], [ 0, 2, 0, 1, 1, 0 ], [ 0, 2, 1, 1, 0, 2 ], [ 0, 2, 1, 0, 1, 1 ], [ 0, 2, 0, 2, 1, 0 ] ] ]
248;2916;[ [ [ 1, 1, 0, 0, 0, 0 ], [ 0, 1, 0, 0, 0, 0 ], [ 0, 0, 1, 0, 0, 0 ], [ 0, 0, 0, 1, 0, 0 ], [ 0, 0, 0, 0, 1, 0 ], [ 0, 0, 0, 0, 0, 1 ] ], [ [ 1, 0, 0, 0, 0, 0 ], [ 0, 1, 0, 0, 0, 0 ], [ 0, 0, 0, 2, 2, 0 ], [ 0, 0, 1, 2, 1, 0 ], [ 0, 0, 0, 0, 1, 0 ], [ 0, 0, 1, 1, 1, 1 ] ], [ [ 1, 2, 0, 2, 1, 1 ], [ 0, 1, 0, 0, 0, 0 ], [ 0, 2, 0, 1, 0, 1 ], [ 0, 0, 1, 2, 1, 0 ], [ 0, 1, 0, 1, 0, 2 ], [ 0, 2, 1, 0, 2, 2 ] ], [ [ 1, 2, 1, 0, 2, 1 ], [ 0, 1, 0, 0, 0, 0 ], [ 0, 0, 0, 2, 2, 0 ], [ 0, 2, 2, 2, 0, 1 ], [ 0, 1, 2, 0, 2, 2 ], [ 0, 1, 0, 1, 2, 0 ] ], [ [ 1, 1, 0, 2, 2, 0 ], [ 0, 1, 0, 0, 0, 0 ], [ 0, 1, 0, 0, 2, 1 ], [ 0, 1, 0, 1, 1, 1 ], [ 0, 2, 2, 1, 2, 1 ], [ 0, 1, 1, 1, 1, 2 ] ], [ [ 1, 2, 1, 2, 0, 2 ], [ 0, 1, 0, 0, 0, 0 ], [ 0, 2, 0, 0, 1, 2 ], [ 0, 0, 0, 0, 0, 1 ], [ 0, 1, 1, 1, 0, 0 ], [ 0, 2, 0, 1, 0, 0 ] ] ]
249;5832;[ [ [ 1, 1, 0, 0, 0, 0 ], [ 0, 1, 0, 0, 0, 0 ], [ 0, 0, 1, 0, 0, 0 ], [ 0, 0, 0, 1, 0, 0 ], [ 0, 0, 0, 0, 1, 0 ], [ 0, 0, 0, 0, 0, 1 ] ], [ [ 1, 2, 0, 1, 2, 2 ], [ 0, 1, 0, 0, 0, 0 ], [ 0, 1, 1, 2, 1, 1 ], [ 0, 0, 0, 1, 0, 0 ], [ 0, 2, 0, 1, 0, 2 ], [ 0, 1, 0, 2, 1, 2 ] ], [ [ 1, 0, 1, 2, 1, 0 ], [ 0, 1, 0, 0, 0, 0 ], [ 0, 1, 2, 0, 1, 0 ], [ 0, 0, 2, 0, 0, 1 ], [ 0, 1, 1, 2, 1, 2 ], [ 0, 2, 1, 0, 0, 0 ] ], [ [ 1, 0, 1, 0, 2, 1 ], [ 0, 1, 0, 0, 0, 0 ], [ 0, 0, 0, 0, 1, 2 ], [ 0, 2, 0, 2, 2, 2 ], [ 0, 1, 1, 2, 1, 2 ], [ 0, 1, 2, 2, 2, 1 ] ], [ [ 1, 0, 1, 1, 1, 2 ], [ 0, 1, 0, 0, 0, 0 ], [ 0, 0, 1, 0, 2, 2 ], [ 0, 2, 2, 1, 1, 1 ], [ 0, 2, 0, 0, 2, 2 ], [ 0, 2, 0, 2, 0, 2 ] ] ]
250;4374;[ [ [ 1, 2, 0, 1, 2, 2 ], [ 0, 1, 0, 0, 0, 0 ], [ 0, 1, 2, 2, 0, 2 ], [ 0, 0, 1, 0, 0, 2 ], [ 0, 2, 1, 2, 1, 2 ], [ 0, 1, 0, 0, 0, 1 ] ], [ [ 1, 1, 0, 0, 0, 0 ], [ 0, 1, 0, 0, 0, 0 ], [ 0, 0, 1, 0, 0, 0 ], [ 0, 0, 0, 1, 0, 0 ], [ 0, 0, 0, 0, 1, 0 ], [ 0, 0, 0, 0, 0, 1 ] ], [ [ 1, 1, 2, 2, 2, 0 ], [ 0, 1, 0, 0, 0, 0 ], [ 0, 2, 2, 1, 1, 0 ], [ 0, 1, 2, 0, 2, 0 ], [ 0, 0, 0, 0, 1, 0 ], [ 0, 1, 2, 2, 2, 1 ] ], [ [ 1, 2, 1, 0, 1, 2 ], [ 0, 1, 0, 0, 0, 0 ], [ 0, 2, 1, 2, 2, 0 ], [ 0, 0, 0, 2, 0, 1 ], [ 0, 0, 2, 1, 2, 0 ], [ 0, 1, 2, 2, 2, 1 ] ], [ [ 1, 0, 0, 0, 0, 0 ], [ 0, 1, 0, 0, 0, 0 ], [ 0, 0, 1, 0, 0, 0 ], [ 0, 0, 1, 1, 2, 1 ], [ 0, 0, 2, 0, 2, 2 ], [ 0, 0, 2, 0, 1, 0 ] ], [ [ 1, 2, 0, 0, 1, 0 ], [ 0, 1, 0, 0, 0, 0 ], [ 0, 0, 2, 1, 2, 0 ], [ 0, 1, 2, 1, 2, 2 ], [ 0, 2, 0, 2, 0, 1 ], [ 0, 0, 1, 2, 0, 0 ] ] ]
251;108;[ [ [ 1, 2, 0, 0, 2, 1 ], [ 0, 1, 0, 0, 0, 0 ], [ 0, 2, 2, 2, 1, 1 ], [ 0, 2, 1, 0, 1, 1 ], [ 0, 1, 0, 0, 2, 2 ], [ 0, 2, 2, 1, 0, 2 ] ], [ [ 1, 2, 1, 1, 1, 2 ], [ 0, 1, 0, 0, 0, 0 ], [ 0, 0, 2, 1, 1, 0 ], [ 0, 1, 1, 1, 2, 0 ], [ 0, 0, 0, 2, 2, 2 ], [ 0, 2, 0, 1, 2, 1 ] ] ]
252;162;[ [ [ 1, 0, 0, 0, 0, 0 ], [ 0, 1, 0, 0, 0, 0 ], [ 0, 0, 1, 1, 0, 1 ], [ 0, 0, 2, 0, 0, 0 ], [ 0, 0, 2, 0, 1, 1 ], [ 0, 0, 0, 0, 0, 1 ] ], [ [ 1, 0, 0, 2, 0, 1 ], [ 0, 1, 0, 0, 0, 0 ], [ 0, 2, 1, 0, 0, 1 ], [ 0, 0, 0, 1, 0, 2 ], [ 0, 0, 1, 1, 1, 0 ], [ 0, 0, 0, 0, 0, 1 ] ] ]
253;216;[ [ [ 1, 0, 0, 0, 0, 0 ], [ 0, 1, 0, 0, 0, 0 ], [ 0, 0, 0, 2, 2, 2 ], [ 0, 0, 1, 2, 1, 1 ], [ 0, 0, 1, 1, 2, 0 ], [ 0, 0, 1, 1, 1, 2 ] ], [ [ 1, 2, 2, 1, 0, 1 ], [ 0, 1, 0, 0, 0, 0 ], [ 0, 1, 2, 2, 0, 2 ], [ 0, 1, 1, 0, 0, 2 ], [ 0, 1, 1, 2, 1, 2 ], [ 0, 0, 0, 0, 0, 1 ] ], [ [ 1, 2, 2, 1, 1, 0 ], [ 0, 1, 0, 0, 0, 0 ], [ 0, 1, 1, 1, 0, 1 ], [ 0, 1, 2, 1, 1, 2 ], [ 0, 2, 1, 0, 2, 2 ], [ 0, 1, 1, 2, 1, 2 ] ] ]
254;2916;[ [ [ 1, 0, 1, 1, 1, 0 ], [ 0, 1, 0, 0, 0, 0 ], [ 0, 1, 2, 1, 1, 0 ], [ 0, 2, 0, 0, 1, 1 ], [ 0, 0, 2, 0, 2, 2 ], [ 0, 2, 1, 2, 0, 0 ] ], [ [ 1, 1, 0, 0, 0, 0 ], [ 0, 1, 0, 0, 0, 0 ], [ 0, 0, 1, 0, 0, 0 ], [ 0, 0, 0, 1, 0, 0 ], [ 0, 0, 0, 0, 1, 0 ], [ 0, 0, 0, 0, 0, 1 ] ], [ [ 1, 1, 2, 2, 2, 0 ], [ 0, 1, 0, 0, 0, 0 ], [ 0, 2, 2, 1, 1, 0 ], [ 0, 1, 2, 0, 2, 0 ], [ 0, 0, 0, 0, 1, 0 ], [ 0, 1, 2, 2, 2, 1 ] ], [ [ 1, 0, 0, 0, 0, 0 ], [ 0, 1, 0, 0, 0, 0 ], [ 0, 0, 0, 0, 1, 2 ], [ 0, 0, 0, 0, 0, 1 ], [ 0, 0, 1, 1, 0, 0 ], [ 0, 0, 0, 1, 0, 0 ] ], [ [ 1, 0, 0, 0, 0, 0 ], [ 0, 1, 0, 0, 0, 0 ], [ 0, 0, 1, 0, 0, 0 ], [ 0, 0, 1, 1, 2, 1 ], [ 0, 0, 2, 0, 2, 2 ], [ 0, 0, 2, 0, 1, 0 ] ], [ [ 1, 0, 1, 0, 2, 1 ], [ 0, 1, 0, 0, 0, 0 ], [ 0, 0, 2, 0, 2, 1 ], [ 0, 1, 1, 2, 0, 0 ], [ 0, 2, 1, 2, 2, 2 ], [ 0, 2, 1, 2, 1, 0 ] ], [ [ 1, 0, 0, 1, 0, 1 ], [ 0, 1, 0, 0, 0, 0 ], [ 0, 2, 2, 0, 0, 0 ], [ 0, 0, 2, 2, 1, 2 ], [ 0, 2, 1, 0, 1, 1 ], [ 0, 0, 1, 0, 2, 0 ] ] ]
255;5832;[ [ [ 1, 0, 1, 1, 1, 0 ], [ 0, 1, 0, 0, 0, 0 ], [ 0, 1, 0, 1, 0, 1 ], [ 0, 2, 1, 2, 1, 0 ], [ 0, 0, 0, 1, 0, 2 ], [ 0, 2, 1, 0, 2, 2 ] ], [ [ 1, 1, 0, 0, 0, 0 ], [ 0, 1, 0, 0, 0, 0 ], [ 0, 0, 1, 0, 0, 0 ], [ 0, 0, 0, 1, 0, 0 ], [ 0, 0, 0, 0, 1, 0 ], [ 0, 0, 0, 0, 0, 1 ] ], [ [ 1, 2, 1, 1, 1, 0 ], [ 0, 1, 0, 0, 0, 0 ], [ 0, 1, 0, 2, 2, 0 ], [ 0, 2, 1, 2, 1, 0 ], [ 0, 0, 0, 0, 1, 0 ], [ 0, 2, 1, 1, 1, 1 ] ], [ [ 1, 1, 1, 0, 0, 2 ], [ 0, 1, 0, 0, 0, 0 ], [ 0, 1, 1, 1, 1, 1 ], [ 0, 0, 2, 2, 1, 2 ], [ 0, 1, 2, 2, 0, 0 ], [ 0, 2, 0, 2, 2, 0 ] ], [ [ 1, 2, 1, 1, 1, 0 ], [ 0, 1, 0, 0, 0, 0 ], [ 0, 1, 0, 2, 2, 0 ], [ 0, 2, 2, 2, 0, 1 ], [ 0, 0, 2, 0, 2, 2 ], [ 0, 2, 0, 1, 2, 0 ] ], [ [ 1, 0, 1, 1, 1, 2 ], [ 0, 1, 0, 0, 0, 0 ], [ 0, 2, 1, 2, 0, 0 ], [ 0, 0, 0, 1, 0, 2 ], [ 0, 2, 2, 1, 2, 0 ], [ 0, 0, 2, 1, 2, 2 ] ] ]
256;4374;[ [ [ 1, 1, 0, 0, 0, 0 ], [ 0, 1, 0, 0, 0, 0 ], [ 0, 0, 1, 0, 0, 0 ], [ 0, 0, 0, 1, 0, 0 ], [ 0, 0, 0, 0, 1, 0 ], [ 0, 0, 0, 0, 0, 1 ] ], [ [ 1, 0, 0, 0, 0, 0 ], [ 0, 1, 0, 0, 0, 0 ], [ 0, 0, 0, 2, 2, 0 ], [ 0, 0, 1, 2, 1, 0 ], [ 0, 0, 0, 0, 1, 0 ], [ 0, 0, 1, 1, 1, 1 ] ], [ [ 1, 1, 0, 1, 2, 2 ], [ 0, 1, 0, 0, 0, 0 ], [ 0, 1, 0, 0, 1, 2 ], [ 0, 0, 1, 2, 1, 0 ], [ 0, 2, 0, 2, 2, 1 ], [ 0, 1, 1, 2, 0, 0 ] ], [ [ 1, 0, 2, 0, 0, 0 ], [ 0, 1, 0, 0, 0, 0 ], [ 0, 2, 2, 2, 1, 1 ], [ 0, 0, 0, 0, 2, 0 ], [ 0, 0, 1, 0, 1, 0 ], [ 0, 1, 0, 1, 2, 0 ] ], [ [ 1, 1, 2, 0, 1, 2 ], [ 0, 1, 0, 0, 0, 0 ], [ 0, 0, 0, 2, 2, 0 ], [ 0, 1, 0, 2, 2, 2 ], [ 0, 2, 1, 0, 0, 1 ], [ 0, 2, 2, 1, 0, 2 ] ], [ [ 1, 0, 2, 1, 2, 2 ], [ 0, 1, 0, 0, 0, 0 ], [ 0, 0, 2, 0, 2, 0 ], [ 0, 2, 2, 0, 2, 2 ], [ 0, 1, 1, 0, 0, 0 ], [ 0, 2, 2, 1, 0, 2 ] ] ]
257;108;[ [ [ 1, 2, 1, 1, 0, 1 ], [ 0, 1, 0, 0, 0, 0 ], [ 0, 1, 0, 2, 0, 2 ], [ 0, 0, 1, 1, 0, 0 ], [ 0, 1, 2, 2, 1, 2 ], [ 0, 0, 0, 0, 0, 1 ] ], [ [ 1, 2, 0, 1, 1, 2 ], [ 0, 1, 0, 0, 0, 0 ], [ 0, 1, 0, 2, 0, 2 ], [ 0, 2, 1, 1, 0, 2 ], [ 0, 0, 1, 2, 2, 2 ], [ 0, 1, 0, 0, 0, 2 ] ], [ [ 1, 2, 1, 0, 2, 1 ], [ 0, 1, 0, 0, 0, 0 ], [ 0, 0, 0, 2, 2, 0 ], [ 0, 2, 2, 2, 0, 1 ], [ 0, 1, 2, 0, 2, 2 ], [ 0, 1, 0, 1, 2, 0 ] ] ]
258;162;[ [ [ 1, 2, 1, 0, 0, 0 ], [ 0, 1, 0, 0, 0, 0 ], [ 0, 1, 0, 2, 0, 0 ], [ 0, 2, 1, 1, 0, 0 ], [ 0, 0, 0, 0, 1, 0 ], [ 0, 0, 0, 0, 0, 1 ] ], [ [ 1, 2, 0, 0, 0, 2 ], [ 0, 1, 0, 0, 0, 0 ], [ 0, 0, 1, 0, 0, 0 ], [ 0, 0, 0, 1, 0, 0 ], [ 0, 2, 0, 0, 1, 2 ], [ 0, 0, 0, 0, 0, 1 ] ], [ [ 1, 1, 2, 0, 0, 1 ], [ 0, 1, 0, 0, 0, 0 ], [ 0, 2, 0, 2, 0, 0 ], [ 0, 1, 1, 1, 0, 1 ], [ 0, 2, 0, 1, 1, 1 ], [ 0, 0, 0, 0, 0, 1 ] ] ]
259;216;[ [ [ 1, 0, 1, 1, 0, 0 ], [ 0, 1, 0, 0, 0, 0 ], [ 0, 2, 2, 0, 0, 1 ], [ 0, 1, 0, 2, 0, 2 ], [ 0, 0, 2, 2, 1, 0 ], [ 0, 0, 0, 0, 0, 1 ] ], [ [ 1, 2, 2, 1, 0, 1 ], [ 0, 1, 0, 0, 0, 0 ], [ 0, 1, 2, 2, 0, 2 ], [ 0, 1, 1, 0, 0, 2 ], [ 0, 1, 1, 2, 1, 2 ], [ 0, 0, 0, 0, 0, 1 ] ], [ [ 1, 0, 0, 0, 1, 2 ], [ 0, 1, 0, 0, 0, 0 ], [ 0, 2, 1, 2, 1, 0 ], [ 0, 1, 0, 2, 0, 2 ], [ 0, 2, 1, 0, 2, 2 ], [ 0, 2, 0, 2, 0, 1 ] ], [ [ 1, 1, 0, 1, 1, 2 ], [ 0, 1, 0, 0, 0, 0 ], [ 0, 2, 0, 1, 1, 0 ], [ 0, 2, 1, 1, 0, 2 ], [ 0, 2, 1, 0, 1, 1 ], [ 0, 2, 0, 2, 1, 0 ] ] ]
260;2916;[ [ [ 1, 1, 0, 0, 0, 0 ], [ 0, 1, 0, 0, 0, 0 ], [ 0, 0, 1, 0, 0, 0 ], [ 0, 0, 0, 1, 0, 0 ], [ 0, 0, 0, 0, 1, 0 ], [ 0, 0, 0, 0, 0, 1 ] ], [ [ 1, 0, 0, 0, 0, 0 ], [ 0, 1, 0, 0, 0, 0 ], [ 0, 0, 0, 2, 2, 0 ], [ 0, 0, 1, 2, 1, 0 ], [ 0, 0, 0, 0, 1, 0 ], [ 0, 0, 1, 1, 1, 1 ] ], [ [ 1, 2, 0, 2, 1, 1 ], [ 0, 1, 0, 0, 0, 0 ], [ 0, 2, 0, 1, 0, 1 ], [ 0, 0, 1, 2, 1, 0 ], [ 0, 1, 0, 1, 0, 2 ], [ 0, 2, 1, 0, 2, 2 ] ], [ [ 1, 2, 1, 0, 2, 1 ], [ 0, 1, 0, 0, 0, 0 ], [ 0, 0, 0, 2, 2, 0 ], [ 0, 2, 2, 2, 0, 1 ], [ 0, 1, 2, 0, 2, 2 ], [ 0, 1, 0, 1, 2, 0 ] ], [ [ 1, 1, 0, 2, 2, 0 ], [ 0, 1, 0, 0, 0, 0 ], [ 0, 1, 0, 0, 2, 1 ], [ 0, 1, 0, 1, 1, 1 ], [ 0, 2, 2, 1, 2, 1 ], [ 0, 1, 1, 1, 1, 2 ] ], [ [ 1, 2, 1, 2, 0, 2 ], [ 0, 1, 0, 0, 0, 0 ], [ 0, 2, 0, 0, 1, 2 ], [ 0, 0, 0, 0, 0, 1 ], [ 0, 1, 1, 1, 0, 0 ], [ 0, 2, 0, 1, 0, 0 ] ] ]
261;5832;[ [ [ 1, 1, 0, 0, 0, 0 ], [ 0, 1, 0, 0, 0, 0 ], [ 0, 0, 1, 0, 0, 0 ], [ 0, 0, 0, 1, 0, 0 ], [ 0, 0, 0, 0, 1, 0 ], [ 0, 0, 0, 0, 0, 1 ] ], [ [ 1, 2, 0, 1, 2, 2 ], [ 0, 1, 0, 0, 0, 0 ], [ 0, 1, 1, 2, 1, 1 ], [ 0, 0, 0, 1, 0, 0 ], [ 0, 2, 0, 1, 0, 2 ], [ 0, 1, 0, 2, 1, 2 ] ], [ [ 1, 0, 1, 2, 1, 0 ], [ 0, 1, 0, 0, 0, 0 ], [ 0, 1, 2, 0, 1, 0 ], [ 0, 0, 2, 0, 0, 1 ], [ 0, 1, 1, 2, 1, 2 ], [ 0, 2, 1, 0, 0, 0 ] ], [ [ 1, 0, 1, 0, 2, 1 ], [ 0, 1, 0, 0, 0, 0 ], [ 0, 0, 0, 0, 1, 2 ], [ 0, 2, 0, 2, 2, 2 ], [ 0, 1, 1, 2, 1, 2 ], [ 0, 1, 2, 2, 2, 1 ] ], [ [ 1, 0, 1, 1, 1, 2 ], [ 0, 1, 0, 0, 0, 0 ], [ 0, 0, 1, 0, 2, 2 ], [ 0, 2, 2, 1, 1, 1 ], [ 0, 2, 0, 0, 2, 2 ], [ 0, 2, 0, 2, 0, 2 ] ] ]
502;52488;[ [ [ 1, 0, 1, 0, 2, 1 ], [ 0, 1, 0, 0, 0, 0 ], [ 0, 0, 1, 0, 0, 0 ], [ 0, 2, 0, 1, 0, 0 ], [ 0, 1, 0, 0, 1, 0 ], [ 0, 1, 0, 0, 0, 1 ] ], [ [ 1, 1, 0, 0, 0, 0 ], [ 0, 1, 0, 0, 0, 0 ], [ 0, 0, 1, 0, 0, 0 ], [ 0, 0, 0, 1, 0, 0 ], [ 0, 0, 0, 0, 1, 0 ], [ 0, 0, 0, 0, 0, 1 ] ], [ [ 1, 0, 1, 0, 0, 0 ], [ 0, 1, 0, 0, 0, 0 ], [ 0, 0, 1, 0, 0, 0 ], [ 0, 2, 0, 1, 0, 0 ], [ 0, 0, 0, 0, 1, 0 ], [ 0, 0, 0, 0, 0, 1 ] ], [ [ 1, 0, 0, 0, 0, 0 ], [ 0, 1, 0, 0, 0, 0 ], [ 0, 0, 0, 2, 1, 1 ], [ 0, 0, 1, 2, 2, 2 ], [ 0, 0, 1, 1, 0, 2 ], [ 0, 0, 2, 2, 1, 2 ] ], [ [ 1, 0, 1, 1, 2, 2 ], [ 0, 1, 0, 0, 0, 0 ], [ 0, 2, 2, 1, 0, 1 ], [ 0, 1, 2, 0, 0, 2 ], [ 0, 1, 0, 0, 0, 1 ], [ 0, 2, 2, 2, 2, 1 ] ], [ [ 1, 1, 0, 0, 2, 1 ], [ 0, 1, 0, 0, 0, 0 ], [ 0, 2, 0, 2, 2, 0 ], [ 0, 1, 1, 2, 1, 0 ], [ 0, 2, 1, 1, 1, 1 ], [ 0, 0, 2, 2, 1, 2 ] ], [ [ 1, 0, 0, 0, 0, 0 ], [ 0, 1, 0, 0, 0, 0 ], [ 0, 0, 0, 0, 1, 2 ], [ 0, 0, 1, 2, 2, 2 ], [ 0, 0, 1, 2, 0, 0 ], [ 0, 0, 2, 2, 1, 2 ] ] ]
503;1296;[ [ [ 1, 1, 1, 0, 1, 2 ], [ 0, 1, 0, 0, 0, 0 ], [ 0, 0, 1, 0, 0, 0 ], [ 0, 2, 2, 1, 2, 1 ], [ 0, 2, 2, 0, 0, 1 ], [ 0, 2, 2, 0, 2, 2 ] ], [ [ 1, 2, 0, 2, 1, 1 ], [ 0, 1, 0, 0, 0, 0 ], [ 0, 2, 1, 2, 1, 1 ], [ 0, 0, 0, 1, 0, 0 ], [ 0, 1, 0, 1, 0, 2 ], [ 0, 2, 0, 2, 1, 2 ] ], [ [ 1, 0, 0, 2, 0, 1 ], [ 0, 1, 0, 0, 0, 0 ], [ 0, 2, 0, 0, 2, 1 ], [ 0, 1, 1, 1, 2, 0 ], [ 0, 2, 1, 1, 0, 0 ], [ 0, 2, 0, 1, 2, 1 ] ] ]
504;648;[ [ [ 1, 2, 2, 1, 0, 1 ], [ 0, 1, 0, 0, 0, 0 ], [ 0, 1, 2, 2, 0, 2 ], [ 0, 1, 1, 0, 0, 2 ], [ 0, 1, 1, 2, 1, 2 ], [ 0, 0, 0, 0, 0, 1 ] ], [ [ 1, 1, 1, 2, 0, 2 ], [ 0, 1, 0, 0, 0, 0 ], [ 0, 1, 2, 0, 0, 1 ], [ 0, 2, 2, 2, 0, 1 ], [ 0, 0, 0, 2, 1, 1 ], [ 0, 0, 0, 0, 0, 1 ] ], [ [ 1, 2, 0, 1, 0, 1 ], [ 0, 1, 0, 0, 0, 0 ], [ 0, 2, 2, 0, 0, 2 ], [ 0, 2, 2, 2, 0, 1 ], [ 0, 0, 2, 1, 1, 2 ], [ 0, 0, 0, 0, 0, 1 ] ] ]
505;2916;[ [ [ 1, 0, 0, 0, 2, 1 ], [ 0, 1, 0, 0, 0, 0 ], [ 0, 0, 1, 0, 0, 0 ], [ 0, 0, 0, 1, 2, 1 ], [ 0, 1, 2, 0, 1, 0 ], [ 0, 1, 2, 0, 0, 1 ] ], [ [ 1, 1, 0, 0, 0, 0 ], [ 0, 1, 0, 0, 0, 0 ], [ 0, 0, 1, 0, 0, 0 ], [ 0, 0, 0, 1, 0, 0 ], [ 0, 0, 0, 0, 1, 0 ], [ 0, 0, 0, 0, 0, 1 ] ], [ [ 1, 0, 1, 0, 0, 0 ], [ 0, 1, 0, 0, 0, 0 ], [ 0, 0, 1, 0, 0, 0 ], [ 0, 2, 0, 1, 0, 0 ], [ 0, 0, 0, 0, 1, 0 ], [ 0, 0, 0, 0, 0, 1 ] ], [ [ 1, 0, 0, 0, 0, 0 ], [ 0, 1, 0, 0, 0, 0 ], [ 0, 0, 1, 0, 0, 0 ], [ 0, 0, 0, 1, 0, 0 ], [ 0, 0, 0, 0, 2, 2 ], [ 0, 0, 0, 0, 1, 0 ] ], [ [ 1, 2, 2, 0, 0, 0 ], [ 0, 1, 0, 0, 0, 0 ], [ 0, 0, 1, 0, 0, 0 ], [ 0, 1, 1, 1, 0, 0 ], [ 0, 0, 0, 0, 2, 2 ], [ 0, 0, 0, 0, 1, 0 ] ], [ [ 1, 2, 2, 0, 2, 1 ], [ 0, 1, 0, 0, 0, 0 ], [ 0, 0, 1, 0, 0, 0 ], [ 0, 1, 1, 1, 1, 2 ], [ 0, 1, 1, 0, 1, 0 ], [ 0, 1, 1, 0, 0, 1 ] ], [ [ 1, 2, 0, 1, 0, 0 ], [ 0, 1, 0, 0, 0, 0 ], [ 0, 2, 2, 0, 0, 0 ], [ 0, 2, 2, 2, 0, 0 ], [ 0, 0, 0, 0, 1, 1 ], [ 0, 0, 0, 0, 2, 0 ] ], [ [ 1, 2, 0, 2, 0, 1 ], [ 0, 1, 0, 0, 0, 0 ], [ 0, 1, 0, 0, 1, 2 ], [ 0, 1, 0, 0, 1, 0 ], [ 0, 0, 0, 1, 0, 0 ], [ 0, 1, 2, 1, 0, 0 ] ] ]
506;1296;[ [ [ 1, 1, 1, 0, 1, 2 ], [ 0, 1, 0, 0, 0, 0 ], [ 0, 0, 1, 0, 0, 0 ], [ 0, 2, 2, 1, 2, 1 ], [ 0, 2, 2, 0, 0, 1 ], [ 0, 2, 2, 0, 2, 2 ] ], [ [ 1, 2, 0, 2, 1, 1 ], [ 0, 1, 0, 0, 0, 0 ], [ 0, 2, 1, 2, 1, 1 ], [ 0, 0, 0, 1, 0, 0 ], [ 0, 1, 0, 1, 0, 2 ], [ 0, 2, 0, 2, 1, 2 ] ], [ [ 1, 0, 0, 2, 0, 1 ], [ 0, 1, 0, 0, 0, 0 ], [ 0, 2, 0, 0, 2, 1 ], [ 0, 1, 1, 1, 2, 0 ], [ 0, 2, 1, 1, 0, 0 ], [ 0, 2, 0, 1, 2, 1 ] ] ]
507;104976;[ [ [ 1, 0, 0, 0, 1, 0 ], [ 0, 1, 0, 0, 0, 0 ], [ 0, 0, 1, 0, 0, 0 ], [ 0, 0, 0, 1, 0, 0 ], [ 0, 0, 0, 0, 1, 0 ], [ 0, 2, 0, 0, 2, 1 ] ], [ [ 1, 1, 0, 0, 0, 0 ], [ 0, 1, 0, 0, 0, 0 ], [ 0, 0, 1, 0, 0, 0 ], [ 0, 0, 0, 1, 0, 0 ], [ 0, 0, 0, 0, 1, 0 ], [ 0, 0, 0, 0, 0, 1 ] ], [ [ 1, 0, 0, 0, 0, 0 ], [ 0, 1, 0, 0, 0, 0 ], [ 0, 0, 1, 1, 0, 0 ], [ 0, 0, 0, 1, 0, 0 ], [ 0, 0, 0, 0, 1, 0 ], [ 0, 0, 0, 0, 0, 1 ] ], [ [ 1, 0, 0, 0, 0, 0 ], [ 0, 1, 0, 0, 0, 0 ], [ 0, 0, 0, 1, 0, 0 ], [ 0, 0, 2, 0, 0, 0 ], [ 0, 0, 0, 0, 1, 0 ], [ 0, 0, 0, 0, 0, 1 ] ], [ [ 1, 0, 1, 0, 0, 0 ], [ 0, 1, 0, 0, 0, 0 ], [ 0, 0, 1, 0, 0, 0 ], [ 0, 2, 0, 1, 0, 0 ], [ 0, 0, 0, 0, 1, 0 ], [ 0, 0, 0, 0, 0, 1 ] ], [ [ 1, 0, 0, 0, 0, 0 ], [ 0, 1, 0, 0, 0, 0 ], [ 0, 0, 1, 0, 1, 0 ], [ 0, 0, 0, 1, 0, 0 ], [ 0, 0, 0, 0, 1, 0 ], [ 0, 0, 0, 2, 0, 1 ] ], [ [ 1, 0, 0, 0, 1, 0 ], [ 0, 1, 0, 0, 0, 0 ], [ 0, 0, 1, 0, 0, 0 ], [ 0, 0, 0, 1, 0, 0 ], [ 0, 0, 0, 0, 1, 0 ], [ 0, 2, 0, 0, 0, 1 ] ], [ [ 1, 2, 2, 2, 0, 2 ], [ 0, 1, 0, 0, 0, 0 ], [ 0, 0, 2, 2, 0, 0 ], [ 0, 2, 1, 0, 0, 0 ], [ 0, 1, 0, 0, 2, 0 ], [ 0, 2, 0, 0, 1, 2 ] ] ]
508;104976;[ [ [ 1, 1, 0, 0, 0, 0 ], [ 0, 1, 0, 0, 0, 0 ], [ 0, 0, 1, 0, 0, 0 ], [ 0, 0, 1, 1, 1, 1 ], [ 0, 0, 2, 0, 0, 2 ], [ 0, 0, 1, 0, 1, 2 ] ], [ [ 1, 1, 0, 0, 0, 0 ], [ 0, 1, 0, 0, 0, 0 ], [ 0, 0, 1, 0, 0, 0 ], [ 0, 0, 0, 1, 0, 0 ], [ 0, 0, 0, 0, 1, 0 ], [ 0, 0, 0, 0, 0, 1 ] ], [ [ 1, 0, 1, 0, 0, 0 ], [ 0, 1, 0, 0, 0, 0 ], [ 0, 0, 1, 0, 0, 0 ], [ 0, 2, 0, 1, 0, 0 ], [ 0, 0, 0, 0, 1, 0 ], [ 0, 0, 0, 0, 0, 1 ] ], [ [ 1, 1, 0, 0, 1, 1 ], [ 0, 1, 0, 0, 0, 0 ], [ 0, 0, 1, 0, 0, 0 ], [ 0, 0, 0, 1, 0, 0 ], [ 0, 1, 0, 0, 2, 1 ], [ 0, 2, 0, 0, 2, 0 ] ], [ [ 1, 1, 0, 0, 1, 1 ], [ 0, 1, 0, 0, 0, 0 ], [ 0, 0, 1, 0, 0, 0 ], [ 0, 0, 2, 1, 1, 1 ], [ 0, 1, 2, 0, 0, 2 ], [ 0, 2, 1, 0, 1, 2 ] ], [ [ 1, 2, 1, 0, 1, 1 ], [ 0, 1, 0, 0, 0, 0 ], [ 0, 0, 1, 0, 0, 0 ], [ 0, 2, 2, 1, 0, 0 ], [ 0, 1, 0, 0, 2, 1 ], [ 0, 2, 0, 0, 2, 0 ] ], [ [ 1, 1, 0, 2, 2, 0 ], [ 0, 1, 0, 0, 0, 0 ], [ 0, 0, 1, 1, 2, 1 ], [ 0, 0, 2, 2, 0, 2 ], [ 0, 1, 2, 1, 2, 0 ], [ 0, 2, 1, 1, 0, 0 ] ], [ [ 1, 1, 2, 0, 1, 1 ], [ 0, 1, 0, 0, 0, 0 ], [ 0, 0, 0, 0, 1, 1 ], [ 0, 0, 0, 1, 2, 0 ], [ 0, 1, 2, 1, 1, 1 ], [ 0, 2, 0, 2, 0, 0 ] ] ]
509;52488;[ [ [ 1, 1, 0, 0, 0, 0 ], [ 0, 1, 0, 0, 0, 0 ], [ 0, 0, 1, 0, 0, 0 ], [ 0, 0, 0, 1, 0, 0 ], [ 0, 0, 0, 0, 1, 0 ], [ 0, 0, 0, 0, 0, 1 ] ], [ [ 1, 0, 1, 0, 0, 0 ], [ 0, 1, 0, 0, 0, 0 ], [ 0, 0, 1, 0, 0, 0 ], [ 0, 2, 0, 1, 0, 0 ], [ 0, 0, 0, 0, 1, 0 ], [ 0, 0, 0, 0, 0, 1 ] ], [ [ 1, 1, 0, 0, 1, 2 ], [ 0, 1, 0, 0, 0, 0 ], [ 0, 0, 1, 0, 0, 0 ], [ 0, 0, 0, 1, 0, 0 ], [ 0, 2, 0, 0, 0, 1 ], [ 0, 2, 0, 0, 2, 2 ] ], [ [ 1, 0, 0, 0, 0, 0 ], [ 0, 1, 0, 0, 0, 0 ], [ 0, 0, 0, 2, 2, 0 ], [ 0, 0, 1, 2, 1, 0 ], [ 0, 0, 0, 0, 1, 0 ], [ 0, 0, 1, 1, 1, 1 ] ], [ [ 1, 0, 1, 2, 2, 0 ], [ 0, 1, 0, 0, 0, 0 ], [ 0, 2, 2, 0, 2, 1 ], [ 0, 1, 1, 0, 0, 2 ], [ 0, 0, 2, 1, 2, 0 ], [ 0, 1, 1, 1, 2, 0 ] ] ]
510;1296;[ [ [ 1, 2, 1, 1, 0, 1 ], [ 0, 1, 0, 0, 0, 0 ], [ 0, 1, 0, 2, 0, 2 ], [ 0, 2, 1, 2, 0, 1 ], [ 0, 1, 2, 2, 1, 2 ], [ 0, 0, 0, 0, 0, 1 ] ], [ [ 1, 1, 0, 0, 1, 2 ], [ 0, 1, 0, 0, 0, 0 ], [ 0, 1, 0, 2, 0, 2 ], [ 0, 2, 1, 2, 0, 1 ], [ 0, 2, 0, 0, 0, 1 ], [ 0, 1, 1, 1, 2, 0 ] ], [ [ 1, 0, 2, 1, 1, 0 ], [ 0, 1, 0, 0, 0, 0 ], [ 0, 2, 1, 2, 1, 1 ], [ 0, 1, 2, 1, 1, 2 ], [ 0, 0, 1, 2, 0, 0 ], [ 0, 1, 1, 0, 1, 0 ] ], [ [ 1, 2, 0, 0, 0, 2 ], [ 0, 1, 0, 0, 0, 0 ], [ 0, 2, 1, 2, 1, 1 ], [ 0, 1, 2, 1, 2, 0 ], [ 0, 0, 1, 0, 0, 2 ], [ 0, 0, 2, 1, 0, 0 ] ] ]
511;648;[ [ [ 1, 2, 1, 1, 0, 1 ], [ 0, 1, 0, 0, 0, 0 ], [ 0, 1, 0, 2, 0, 2 ], [ 0, 2, 1, 2, 0, 1 ], [ 0, 1, 2, 2, 1, 2 ], [ 0, 0, 0, 0, 0, 1 ] ], [ [ 1, 0, 0, 0, 0, 0 ], [ 0, 1, 0, 0, 0, 0 ], [ 0, 0, 1, 0, 0, 0 ], [ 0, 0, 2, 1, 0, 0 ], [ 0, 0, 0, 0, 1, 0 ], [ 0, 0, 0, 0, 0, 1 ] ], [ [ 1, 0, 0, 0, 0, 0 ], [ 0, 1, 0, 0, 0, 0 ], [ 0, 0, 2, 0, 0, 0 ], [ 0, 0, 1, 2, 0, 2 ], [ 0, 0, 2, 0, 1, 0 ], [ 0, 0, 0, 0, 0, 1 ] ] ]
512;2916;[ [ [ 1, 1, 0, 0, 0, 0 ], [ 0, 1, 0, 0, 0, 0 ], [ 0, 0, 1, 0, 0, 0 ], [ 0, 0, 0, 1, 0, 0 ], [ 0, 0, 0, 0, 1, 0 ], [ 0, 0, 0, 0, 0, 1 ] ], [ [ 1, 0, 1, 0, 0, 0 ], [ 0, 1, 0, 0, 0, 0 ], [ 0, 0, 1, 0, 0, 0 ], [ 0, 2, 0, 1, 0, 0 ], [ 0, 0, 0, 0, 1, 0 ], [ 0, 0, 0, 0, 0, 1 ] ], [ [ 1, 0, 0, 0, 0, 0 ], [ 0, 1, 0, 0, 0, 0 ], [ 0, 0, 1, 0, 0, 0 ], [ 0, 0, 0, 1, 0, 0 ], [ 0, 0, 0, 0, 0, 1 ], [ 0, 0, 0, 0, 2, 2 ] ], [ [ 1, 1, 0, 0, 1, 2 ], [ 0, 1, 0, 0, 0, 0 ], [ 0, 0, 1, 0, 0, 0 ], [ 0, 0, 0, 1, 0, 0 ], [ 0, 2, 0, 0, 1, 0 ], [ 0, 2, 0, 0, 0, 1 ] ], [ [ 1, 2, 0, 2, 0, 1 ], [ 0, 1, 0, 0, 0, 0 ], [ 0, 1, 0, 0, 1, 2 ], [ 0, 2, 0, 0, 2, 2 ], [ 0, 2, 1, 1, 0, 0 ], [ 0, 0, 0, 1, 0, 0 ] ], [ [ 1, 1, 0, 2, 0, 2 ], [ 0, 1, 0, 0, 0, 0 ], [ 0, 1, 0, 0, 2, 1 ], [ 0, 2, 0, 0, 1, 1 ], [ 0, 1, 2, 2, 0, 0 ], [ 0, 0, 0, 2, 0, 0 ] ], [ [ 1, 0, 0, 0, 0, 0 ], [ 0, 1, 0, 0, 0, 0 ], [ 0, 0, 1, 0, 0, 0 ], [ 0, 0, 2, 1, 1, 2 ], [ 0, 0, 1, 0, 2, 2 ], [ 0, 0, 1, 0, 1, 0 ] ] ]
513;1296;[ [ [ 1, 2, 1, 1, 0, 1 ], [ 0, 1, 0, 0, 0, 0 ], [ 0, 1, 0, 2, 0, 2 ], [ 0, 2, 1, 2, 0, 1 ], [ 0, 1, 2, 2, 1, 2 ], [ 0, 0, 0, 0, 0, 1 ] ], [ [ 1, 1, 0, 0, 1, 2 ], [ 0, 1, 0, 0, 0, 0 ], [ 0, 1, 0, 2, 0, 2 ], [ 0, 2, 1, 2, 0, 1 ], [ 0, 2, 0, 0, 0, 1 ], [ 0, 1, 1, 1, 2, 0 ] ], [ [ 1, 0, 2, 1, 1, 0 ], [ 0, 1, 0, 0, 0, 0 ], [ 0, 2, 1, 2, 1, 1 ], [ 0, 1, 2, 1, 1, 2 ], [ 0, 0, 1, 2, 0, 0 ], [ 0, 1, 1, 0, 1, 0 ] ], [ [ 1, 2, 0, 0, 0, 2 ], [ 0, 1, 0, 0, 0, 0 ], [ 0, 2, 1, 2, 1, 1 ], [ 0, 1, 2, 1, 2, 0 ], [ 0, 0, 1, 0, 0, 2 ], [ 0, 0, 2, 1, 0, 0 ] ] ]
514;104976;[ [ [ 1, 1, 0, 0, 0, 0 ], [ 0, 1, 0, 0, 0, 0 ], [ 0, 0, 1, 0, 0, 0 ], [ 0, 0, 0, 1, 0, 0 ], [ 0, 0, 0, 0, 1, 0 ], [ 0, 0, 0, 0, 0, 1 ] ], [ [ 1, 0, 0, 0, 0, 0 ], [ 0, 1, 0, 0, 0, 0 ], [ 0, 0, 1, 1, 0, 0 ], [ 0, 0, 0, 1, 0, 0 ], [ 0, 0, 0, 0, 1, 0 ], [ 0, 0, 0, 0, 0, 1 ] ], [ [ 1, 0, 0, 0, 0, 0 ], [ 0, 1, 0, 0, 0, 0 ], [ 0, 0, 0, 1, 0, 0 ], [ 0, 0, 2, 0, 0, 0 ], [ 0, 0, 0, 0, 1, 0 ], [ 0, 0, 0, 0, 0, 1 ] ], [ [ 1, 0, 1, 0, 0, 0 ], [ 0, 1, 0, 0, 0, 0 ], [ 0, 0, 1, 0, 0, 0 ], [ 0, 2, 0, 1, 0, 0 ], [ 0, 0, 0, 0, 1, 0 ], [ 0, 0, 0, 0, 0, 1 ] ], [ [ 1, 0, 0, 0, 0, 0 ], [ 0, 1, 0, 0, 0, 0 ], [ 0, 0, 1, 0, 1, 0 ], [ 0, 0, 0, 1, 0, 0 ], [ 0, 0, 0, 0, 1, 0 ], [ 0, 0, 0, 2, 0, 1 ] ], [ [ 1, 0, 0, 0, 1, 0 ], [ 0, 1, 0, 0, 0, 0 ], [ 0, 0, 1, 0, 0, 0 ], [ 0, 0, 0, 1, 0, 0 ], [ 0, 0, 0, 0, 1, 0 ], [ 0, 2, 0, 0, 0, 1 ] ], [ [ 1, 2, 1, 0, 0, 2 ], [ 0, 1, 0, 0, 0, 0 ], [ 0, 1, 2, 2, 0, 0 ], [ 0, 0, 0, 2, 1, 0 ], [ 0, 1, 0, 0, 2, 0 ], [ 0, 0, 1, 1, 2, 2 ] ] ]
515;104976;[ [ [ 1, 1, 0, 0, 0, 0 ], [ 0, 1, 0, 0, 0, 0 ], [ 0, 0, 1, 0, 0, 0 ], [ 0, 0, 0, 1, 0, 0 ], [ 0, 0, 0, 0, 1, 0 ], [ 0, 0, 0, 0, 0, 1 ] ], [ [ 1, 0, 1, 0, 0, 0 ], [ 0, 1, 0, 0, 0, 0 ], [ 0, 0, 1, 0, 0, 0 ], [ 0, 2, 0, 1, 0, 0 ], [ 0, 0, 0, 0, 1, 0 ], [ 0, 0, 0, 0, 0, 1 ] ], [ [ 1, 2, 1, 0, 0, 0 ], [ 0, 1, 0, 0, 0, 0 ], [ 0, 0, 1, 0, 0, 0 ], [ 0, 2, 1, 1, 0, 0 ], [ 0, 0, 0, 0, 1, 0 ], [ 0, 0, 0, 0, 0, 1 ] ], [ [ 1, 0, 0, 0, 0, 0 ], [ 0, 1, 0, 0, 0, 0 ], [ 0, 0, 1, 2, 2, 0 ], [ 0, 0, 0, 1, 0, 0 ], [ 0, 0, 0, 0, 1, 0 ], [ 0, 0, 0, 1, 1, 1 ] ], [ [ 1, 2, 1, 1, 1, 0 ], [ 0, 1, 0, 0, 0, 0 ], [ 0, 1, 1, 0, 0, 0 ], [ 0, 2, 1, 1, 0, 1 ], [ 0, 2, 0, 0, 0, 1 ], [ 0, 0, 1, 0, 2, 1 ] ] ]
565;3888;[ [ [ 1, 1, 0, 0, 0, 0 ], [ 0, 1, 0, 0, 0, 0 ], [ 0, 0, 1, 0, 0, 0 ], [ 0, 0, 0, 1, 0, 0 ], [ 0, 0, 0, 0, 1, 0 ], [ 0, 0, 0, 0, 0, 1 ] ], [ [ 1, 0, 0, 0, 0, 0 ], [ 0, 1, 0, 0, 0, 0 ], [ 0, 0, 2, 1, 1, 0 ], [ 0, 0, 2, 0, 2, 0 ], [ 0, 0, 0, 0, 1, 0 ], [ 0, 0, 2, 2, 2, 1 ] ], [ [ 1, 0, 2, 2, 2, 0 ], [ 0, 1, 0, 0, 0, 0 ], [ 0, 1, 0, 1, 1, 0 ], [ 0, 2, 2, 1, 0, 0 ], [ 0, 0, 0, 0, 1, 0 ], [ 0, 2, 1, 2, 2, 1 ] ], [ [ 1, 1, 2, 1, 1, 0 ], [ 0, 1, 0, 0, 0, 0 ], [ 0, 2, 1, 1, 1, 0 ], [ 0, 0, 1, 2, 1, 0 ], [ 0, 0, 0, 0, 1, 0 ], [ 0, 1, 0, 2, 2, 1 ] ], [ [ 1, 0, 2, 2, 0, 1 ], [ 0, 1, 0, 0, 0, 0 ], [ 0, 2, 0, 2, 0, 2 ], [ 0, 1, 1, 2, 0, 0 ], [ 0, 0, 1, 2, 2, 2 ], [ 0, 0, 0, 0, 0, 2 ] ] ]
566;15552;[ [ [ 1, 2, 2, 2, 1, 1 ], [ 0, 1, 0, 0, 0, 0 ], [ 0, 1, 0, 0, 1, 0 ], [ 0, 2, 0, 0, 0, 1 ], [ 0, 2, 1, 0, 0, 0 ], [ 0, 1, 0, 1, 0, 0 ] ], [ [ 1, 1, 0, 0, 0, 0 ], [ 0, 1, 0, 0, 0, 0 ], [ 0, 0, 1, 0, 0, 0 ], [ 0, 0, 0, 1, 0, 0 ], [ 0, 0, 0, 0, 1, 0 ], [ 0, 0, 0, 0, 0, 1 ] ], [ [ 1, 1, 1, 0, 1, 0 ], [ 0, 1, 0, 0, 0, 0 ], [ 0, 0, 1, 0, 0, 0 ], [ 0, 2, 2, 1, 2, 0 ], [ 0, 0, 0, 0, 1, 0 ], [ 0, 2, 2, 0, 2, 1 ] ], [ [ 1, 0, 0, 0, 0, 0 ], [ 0, 1, 0, 0, 0, 0 ], [ 0, 0, 1, 2, 1, 0 ], [ 0, 0, 1, 1, 0, 2 ], [ 0, 0, 1, 0, 1, 2 ], [ 0, 0, 0, 2, 1, 1 ] ], [ [ 1, 0, 0, 0, 2, 2 ], [ 0, 1, 0, 0, 0, 0 ], [ 0, 2, 2, 2, 1, 0 ], [ 0, 0, 1, 0, 0, 0 ], [ 0, 0, 1, 0, 2, 2 ], [ 0, 2, 0, 0, 1, 0 ] ], [ [ 1, 1, 2, 1, 1, 2 ], [ 0, 1, 0, 0, 0, 0 ], [ 0, 1, 2, 0, 2, 2 ], [ 0, 1, 0, 1, 1, 2 ], [ 0, 2, 2, 2, 2, 0 ], [ 0, 2, 1, 2, 0, 1 ] ] ]
572;3888;[ [ [ 1, 1, 2, 2, 1, 0 ], [ 0, 1, 0, 0, 0, 0 ], [ 0, 1, 2, 0, 0, 0 ], [ 0, 1, 2, 2, 1, 2 ], [ 0, 1, 1, 0, 1, 1 ], [ 0, 2, 1, 0, 2, 0 ] ], [ [ 1, 1, 0, 0, 0, 0 ], [ 0, 1, 0, 0, 0, 0 ], [ 0, 0, 1, 0, 0, 0 ], [ 0, 0, 0, 1, 0, 0 ], [ 0, 0, 0, 0, 1, 0 ], [ 0, 0, 0, 0, 0, 1 ] ], [ [ 1, 2, 0, 1, 1, 0 ], [ 0, 1, 0, 0, 0, 0 ], [ 0, 1, 1, 2, 2, 0 ], [ 0, 0, 0, 1, 0, 0 ], [ 0, 0, 0, 0, 1, 0 ], [ 0, 2, 0, 1, 1, 1 ] ], [ [ 1, 0, 0, 0, 0, 0 ], [ 0, 1, 0, 0, 0, 0 ], [ 0, 0, 0, 2, 2, 0 ], [ 0, 0, 1, 2, 1, 0 ], [ 0, 0, 0, 0, 1, 0 ], [ 0, 0, 1, 1, 1, 1 ] ], [ [ 1, 0, 1, 1, 1, 2 ], [ 0, 1, 0, 0, 0, 0 ], [ 0, 2, 1, 1, 1, 0 ], [ 0, 2, 2, 1, 0, 2 ], [ 0, 2, 2, 2, 1, 0 ], [ 0, 2, 0, 1, 1, 2 ] ] ]
573;15552;[ [ [ 1, 1, 0, 0, 0, 0 ], [ 0, 1, 0, 0, 0, 0 ], [ 0, 0, 1, 0, 0, 0 ], [ 0, 0, 0, 1, 0, 0 ], [ 0, 0, 0, 0, 1, 0 ], [ 0, 0, 0, 0, 0, 1 ] ], [ [ 1, 2, 1, 2, 1, 2 ], [ 0, 1, 0, 0, 0, 0 ], [ 0, 2, 2, 2, 1, 2 ], [ 0, 2, 1, 0, 1, 2 ], [ 0, 2, 1, 2, 2, 2 ], [ 0, 2, 1, 2, 1, 0 ] ], [ [ 1, 0, 1, 0, 1, 1 ], [ 0, 1, 0, 0, 0, 0 ], [ 0, 0, 2, 0, 1, 1 ], [ 0, 2, 1, 0, 1, 2 ], [ 0, 1, 1, 1, 2, 0 ], [ 0, 2, 1, 2, 1, 0 ] ], [ [ 1, 0, 2, 2, 1, 2 ], [ 0, 1, 0, 0, 0, 0 ], [ 0, 2, 1, 2, 0, 2 ], [ 0, 1, 2, 1, 1, 0 ], [ 0, 2, 0, 2, 1, 2 ], [ 0, 2, 1, 0, 2, 1 ] ], [ [ 1, 0, 1, 0, 1, 1 ], [ 0, 1, 0, 0, 0, 0 ], [ 0, 2, 2, 1, 2, 2 ], [ 0, 1, 0, 1, 2, 0 ], [ 0, 2, 2, 2, 2, 1 ], [ 0, 2, 2, 0, 0, 1 ] ] ]
579;3888;[ [ [ 1, 2, 1, 2, 2, 2 ], [ 0, 1, 0, 0, 0, 0 ], [ 0, 1, 2, 0, 0, 0 ], [ 0, 2, 1, 2, 2, 1 ], [ 0, 0, 2, 0, 0, 2 ], [ 0, 1, 2, 0, 1, 1 ] ], [ [ 1, 1, 0, 0, 0, 0 ], [ 0, 1, 0, 0, 0, 0 ], [ 0, 0, 1, 0, 0, 0 ], [ 0, 0, 0, 1, 0, 0 ], [ 0, 0, 0, 0, 1, 0 ], [ 0, 0, 0, 0, 0, 1 ] ], [ [ 1, 2, 0, 1, 1, 0 ], [ 0, 1, 0, 0, 0, 0 ], [ 0, 1, 1, 2, 2, 0 ], [ 0, 0, 0, 1, 0, 0 ], [ 0, 0, 0, 0, 1, 0 ], [ 0, 2, 0, 1, 1, 1 ] ], [ [ 1, 0, 0, 0, 0, 0 ], [ 0, 1, 0, 0, 0, 0 ], [ 0, 0, 0, 2, 2, 0 ], [ 0, 0, 1, 2, 1, 0 ], [ 0, 0, 0, 0, 1, 0 ], [ 0, 0, 1, 1, 1, 1 ] ], [ [ 1, 0, 1, 1, 1, 2 ], [ 0, 1, 0, 0, 0, 0 ], [ 0, 2, 1, 1, 1, 0 ], [ 0, 2, 2, 1, 0, 2 ], [ 0, 2, 2, 2, 1, 0 ], [ 0, 2, 0, 1, 1, 2 ] ] ]
580;15552;[ [ [ 1, 1, 0, 0, 0, 0 ], [ 0, 1, 0, 0, 0, 0 ], [ 0, 0, 1, 0, 0, 0 ], [ 0, 0, 0, 1, 0, 0 ], [ 0, 0, 0, 0, 1, 0 ], [ 0, 0, 0, 0, 0, 1 ] ], [ [ 1, 2, 1, 2, 1, 2 ], [ 0, 1, 0, 0, 0, 0 ], [ 0, 2, 2, 2, 1, 2 ], [ 0, 2, 1, 0, 1, 2 ], [ 0, 2, 1, 2, 2, 2 ], [ 0, 2, 1, 2, 1, 0 ] ], [ [ 1, 0, 1, 0, 1, 1 ], [ 0, 1, 0, 0, 0, 0 ], [ 0, 0, 2, 0, 1, 1 ], [ 0, 2, 1, 0, 1, 2 ], [ 0, 1, 1, 1, 2, 0 ], [ 0, 2, 1, 2, 1, 0 ] ], [ [ 1, 0, 2, 2, 1, 2 ], [ 0, 1, 0, 0, 0, 0 ], [ 0, 2, 1, 2, 0, 2 ], [ 0, 1, 2, 1, 1, 0 ], [ 0, 2, 0, 2, 1, 2 ], [ 0, 2, 1, 0, 2, 1 ] ], [ [ 1, 0, 1, 0, 1, 1 ], [ 0, 1, 0, 0, 0, 0 ], [ 0, 2, 2, 1, 2, 2 ], [ 0, 1, 0, 1, 2, 0 ], [ 0, 2, 2, 2, 2, 1 ], [ 0, 2, 2, 0, 0, 1 ] ] ]
586;3888;[ [ [ 1, 1, 0, 0, 0, 0 ], [ 0, 1, 0, 0, 0, 0 ], [ 0, 0, 1, 0, 0, 0 ], [ 0, 0, 0, 1, 0, 0 ], [ 0, 0, 0, 0, 1, 0 ], [ 0, 0, 0, 0, 0, 1 ] ], [ [ 1, 0, 0, 0, 0, 0 ], [ 0, 1, 0, 0, 0, 0 ], [ 0, 0, 2, 1, 1, 0 ], [ 0, 0, 2, 0, 2, 0 ], [ 0, 0, 0, 0, 1, 0 ], [ 0, 0, 2, 2, 2, 1 ] ], [ [ 1, 0, 2, 2, 2, 0 ], [ 0, 1, 0, 0, 0, 0 ], [ 0, 1, 0, 1, 1, 0 ], [ 0, 2, 2, 1, 0, 0 ], [ 0, 0, 0, 0, 1, 0 ], [ 0, 2, 1, 2, 2, 1 ] ], [ [ 1, 1, 2, 1, 1, 0 ], [ 0, 1, 0, 0, 0, 0 ], [ 0, 2, 1, 1, 1, 0 ], [ 0, 0, 1, 2, 1, 0 ], [ 0, 0, 0, 0, 1, 0 ], [ 0, 1, 0, 2, 2, 1 ] ], [ [ 1, 0, 2, 2, 0, 1 ], [ 0, 1, 0, 0, 0, 0 ], [ 0, 2, 0, 2, 0, 2 ], [ 0, 1, 1, 2, 0, 0 ], [ 0, 0, 1, 2, 2, 2 ], [ 0, 0, 0, 0, 0, 2 ] ] ]
587;15552;[ [ [ 1, 1, 2, 2, 1, 1 ], [ 0, 1, 0, 0, 0, 0 ], [ 0, 1, 0, 0, 1, 0 ], [ 0, 2, 0, 0, 0, 1 ], [ 0, 2, 1, 0, 0, 0 ], [ 0, 1, 0, 1, 0, 0 ] ], [ [ 1, 1, 0, 0, 0, 0 ], [ 0, 1, 0, 0, 0, 0 ], [ 0, 0, 1, 0, 0, 0 ], [ 0, 0, 0, 1, 0, 0 ], [ 0, 0, 0, 0, 1, 0 ], [ 0, 0, 0, 0, 0, 1 ] ], [ [ 1, 1, 1, 0, 1, 0 ], [ 0, 1, 0, 0, 0, 0 ], [ 0, 0, 1, 0, 0, 0 ], [ 0, 2, 2, 1, 2, 0 ], [ 0, 0, 0, 0, 1, 0 ], [ 0, 2, 2, 0, 2, 1 ] ], [ [ 1, 0, 0, 0, 0, 0 ], [ 0, 1, 0, 0, 0, 0 ], [ 0, 0, 1, 2, 1, 0 ], [ 0, 0, 1, 1, 0, 2 ], [ 0, 0, 1, 0, 1, 2 ], [ 0, 0, 0, 2, 1, 1 ] ], [ [ 1, 0, 0, 0, 2, 2 ], [ 0, 1, 0, 0, 0, 0 ], [ 0, 2, 2, 2, 1, 0 ], [ 0, 0, 1, 0, 0, 0 ], [ 0, 0, 1, 0, 2, 2 ], [ 0, 2, 0, 0, 1, 0 ] ], [ [ 1, 1, 2, 1, 1, 2 ], [ 0, 1, 0, 0, 0, 0 ], [ 0, 1, 2, 0, 2, 2 ], [ 0, 1, 0, 1, 1, 2 ], [ 0, 2, 2, 2, 2, 0 ], [ 0, 2, 1, 2, 0, 1 ] ] ]
1126;96;[ [ [ 1, 1, 2, 0, 1, 0 ], [ 0, 1, 0, 0, 0, 0 ], [ 0, 1, 1, 2, 1, 1 ], [ 0, 2, 2, 0, 2, 1 ], [ 0, 2, 0, 1, 0, 2 ], [ 0, 2, 1, 0, 2, 1 ] ], [ [ 1, 0, 2, 2, 0, 1 ], [ 0, 1, 0, 0, 0, 0 ], [ 0, 1, 0, 0, 1, 0 ], [ 0, 2, 2, 2, 2, 1 ], [ 0, 0, 0, 2, 1, 0 ], [ 0, 0, 1, 1, 0, 0 ] ] ]
1127;96;[ [ [ 1, 2, 2, 0, 2, 2 ], [ 0, 1, 0, 0, 0, 0 ], [ 0, 0, 0, 2, 1, 2 ], [ 0, 1, 2, 2, 0, 2 ], [ 0, 2, 1, 2, 1, 1 ], [ 0, 1, 0, 2, 2, 1 ] ], [ [ 1, 1, 2, 2, 1, 1 ], [ 0, 1, 0, 0, 0, 0 ], [ 0, 2, 2, 1, 2, 2 ], [ 0, 0, 1, 1, 2, 2 ], [ 0, 0, 1, 0, 0, 2 ], [ 0, 0, 2, 0, 1, 2 ] ] ]
1128;108;[ [ [ 1, 2, 2, 2, 1, 0 ], [ 0, 1, 0, 0, 0, 0 ], [ 0, 1, 0, 2, 2, 1 ], [ 0, 2, 1, 2, 1, 2 ], [ 0, 2, 0, 0, 2, 1 ], [ 0, 2, 2, 2, 1, 1 ] ], [ [ 1, 1, 1, 1, 0, 0 ], [ 0, 1, 0, 0, 0, 0 ], [ 0, 1, 0, 2, 2, 1 ], [ 0, 2, 1, 2, 1, 2 ], [ 0, 0, 2, 2, 2, 0 ], [ 0, 0, 2, 2, 0, 2 ] ] ]
1546;648;[ [ [ 1, 2, 0, 1, 1, 0 ], [ 0, 1, 0, 0, 0, 0 ], [ 0, 1, 1, 2, 2, 0 ], [ 0, 0, 0, 1, 0, 0 ], [ 0, 0, 0, 0, 1, 0 ], [ 0, 2, 0, 1, 1, 1 ] ], [ [ 1, 1, 0, 2, 2, 0 ], [ 0, 1, 0, 0, 0, 0 ], [ 0, 0, 0, 1, 1, 0 ], [ 0, 1, 2, 1, 0, 0 ], [ 0, 0, 0, 0, 1, 0 ], [ 0, 0, 1, 2, 2, 1 ] ], [ [ 1, 1, 0, 1, 0, 1 ], [ 0, 1, 0, 0, 0, 0 ], [ 0, 0, 0, 2, 0, 2 ], [ 0, 1, 0, 1, 1, 2 ], [ 0, 0, 1, 0, 2, 2 ], [ 0, 0, 2, 1, 1, 1 ] ] ]
1547;648;[ [ [ 1, 2, 2, 0, 1, 0 ], [ 0, 1, 0, 0, 0, 0 ], [ 0, 0, 1, 0, 0, 0 ], [ 0, 1, 1, 1, 2, 0 ], [ 0, 0, 0, 0, 1, 0 ], [ 0, 2, 2, 0, 1, 1 ] ], [ [ 1, 2, 2, 0, 1, 0 ], [ 0, 1, 0, 0, 0, 0 ], [ 0, 0, 1, 1, 2, 1 ], [ 0, 1, 1, 1, 2, 0 ], [ 0, 0, 0, 1, 0, 1 ], [ 0, 2, 2, 1, 0, 2 ] ], [ [ 1, 1, 1, 1, 1, 1 ], [ 0, 1, 0, 0, 0, 0 ], [ 0, 1, 2, 1, 1, 1 ], [ 0, 2, 2, 0, 2, 2 ], [ 0, 1, 1, 1, 2, 1 ], [ 0, 2, 2, 2, 2, 0 ] ], [ [ 1, 2, 2, 0, 0, 2 ], [ 0, 1, 0, 0, 0, 0 ], [ 0, 0, 1, 1, 1, 0 ], [ 0, 1, 1, 1, 0, 1 ], [ 0, 0, 0, 1, 1, 2 ], [ 0, 2, 2, 1, 2, 1 ] ] ]
1548;2592;[ [ [ 1, 1, 2, 0, 1, 2 ], [ 0, 1, 0, 0, 0, 0 ], [ 0, 1, 2, 2, 1, 0 ], [ 0, 0, 1, 2, 0, 2 ], [ 0, 1, 0, 1, 2, 1 ], [ 0, 2, 1, 0, 2, 2 ] ], [ [ 1, 1, 0, 0, 0, 0 ], [ 0, 1, 0, 0, 0, 0 ], [ 0, 0, 1, 0, 0, 0 ], [ 0, 0, 0, 1, 0, 0 ], [ 0, 0, 0, 0, 1, 0 ], [ 0, 0, 0, 0, 0, 1 ] ], [ [ 1, 0, 0, 0, 0, 0 ], [ 0, 1, 0, 0, 0, 0 ], [ 0, 0, 0, 2, 0, 2 ], [ 0, 0, 1, 2, 0, 1 ], [ 0, 0, 2, 2, 1, 2 ], [ 0, 0, 0, 0, 0, 1 ] ], [ [ 1, 0, 2, 2, 0, 2 ], [ 0, 1, 0, 0, 0, 0 ], [ 0, 2, 0, 2, 0, 2 ], [ 0, 1, 1, 2, 0, 1 ], [ 0, 2, 2, 2, 1, 2 ], [ 0, 0, 0, 0, 0, 1 ] ], [ [ 1, 0, 0, 0, 0, 0 ], [ 0, 1, 0, 0, 0, 0 ], [ 0, 0, 1, 1, 2, 2 ], [ 0, 0, 1, 0, 2, 0 ], [ 0, 0, 1, 1, 1, 1 ], [ 0, 0, 1, 0, 1, 0 ] ] ]
1549;51840;[ [ [ 1, 0, 0, 0, 0, 0 ], [ 0, 1, 0, 0, 0, 0 ], [ 0, 0, 1, 0, 0, 0 ], [ 0, 0, 0, 1, 0, 0 ], [ 0, 0, 0, 0, 1, 1 ], [ 0, 0, 0, 0, 0, 1 ] ], [ [ 1, 1, 0, 0, 1, 1 ], [ 0, 1, 0, 0, 0, 0 ], [ 0, 0, 1, 0, 0, 0 ], [ 0, 0, 0, 1, 0, 0 ], [ 0, 1, 0, 0, 2, 1 ], [ 0, 2, 0, 0, 2, 0 ] ], [ [ 1, 0, 1, 1, 1, 0 ], [ 0, 1, 0, 0, 0, 0 ], [ 0, 2, 2, 1, 0, 2 ], [ 0, 1, 2, 0, 0, 1 ], [ 0, 0, 1, 1, 2, 0 ], [ 0, 1, 1, 1, 2, 2 ] ], [ [ 1, 1, 1, 2, 0, 1 ], [ 0, 1, 0, 0, 0, 0 ], [ 0, 0, 0, 2, 2, 0 ], [ 0, 1, 2, 1, 1, 1 ], [ 0, 1, 1, 2, 1, 1 ], [ 0, 2, 0, 2, 1, 0 ] ] ]
1550;51840;[ [ [ 1, 0, 0, 0, 0, 0 ], [ 0, 1, 0, 0, 0, 0 ], [ 0, 0, 1, 0, 0, 0 ], [ 0, 0, 0, 1, 0, 0 ], [ 0, 0, 0, 0, 1, 1 ], [ 0, 0, 0, 0, 0, 1 ] ], [ [ 1, 2, 0, 1, 0, 2 ], [ 0, 1, 0, 0, 0, 0 ], [ 0, 1, 1, 2, 0, 1 ], [ 0, 0, 0, 1, 0, 0 ], [ 0, 2, 0, 1, 1, 2 ], [ 0, 0, 0, 0, 0, 1 ] ], [ [ 1, 1, 2, 1, 2, 1 ], [ 0, 1, 0, 0, 0, 0 ], [ 0, 1, 0, 1, 2, 1 ], [ 0, 1, 2, 2, 2, 1 ], [ 0, 1, 2, 1, 0, 1 ], [ 0, 1, 2, 1, 2, 2 ] ], [ [ 1, 1, 2, 1, 2, 1 ], [ 0, 1, 0, 0, 0, 0 ], [ 0, 1, 1, 2, 0, 1 ], [ 0, 1, 1, 1, 1, 1 ], [ 0, 1, 2, 1, 0, 1 ], [ 0, 1, 1, 0, 1, 2 ] ], [ [ 1, 0, 1, 1, 1, 0 ], [ 0, 1, 0, 0, 0, 0 ], [ 0, 0, 2, 2, 2, 0 ], [ 0, 1, 2, 0, 0, 1 ], [ 0, 0, 1, 1, 2, 0 ], [ 0, 0, 1, 0, 0, 1 ] ] ]
1551;648;[ [ [ 1, 2, 1, 2, 1, 1 ], [ 0, 1, 0, 0, 0, 0 ], [ 0, 2, 2, 2, 1, 1 ], [ 0, 2, 1, 0, 1, 1 ], [ 0, 1, 2, 1, 0, 2 ], [ 0, 2, 1, 2, 1, 2 ] ], [ [ 1, 2, 2, 2, 2, 0 ], [ 0, 1, 0, 0, 0, 0 ], [ 0, 2, 0, 2, 2, 0 ], [ 0, 2, 0, 0, 0, 2 ], [ 0, 1, 2, 1, 0, 2 ], [ 0, 2, 0, 2, 0, 0 ] ], [ [ 1, 2, 0, 0, 2, 1 ], [ 0, 1, 0, 0, 0, 0 ], [ 0, 1, 1, 1, 0, 1 ], [ 0, 0, 0, 1, 0, 0 ], [ 0, 0, 0, 2, 2, 1 ], [ 0, 2, 0, 1, 1, 1 ] ] ]
1552;648;[ [ [ 1, 1, 1, 0, 0, 1 ], [ 0, 1, 0, 0, 0, 0 ], [ 0, 0, 1, 0, 0, 0 ], [ 0, 2, 2, 1, 0, 2 ], [ 0, 1, 1, 0, 1, 1 ], [ 0, 0, 0, 0, 0, 1 ] ], [ [ 1, 1, 1, 1, 0, 0 ], [ 0, 1, 0, 0, 0, 0 ], [ 0, 0, 1, 1, 0, 2 ], [ 0, 2, 2, 0, 0, 0 ], [ 0, 1, 1, 0, 1, 1 ], [ 0, 0, 0, 0, 0, 1 ] ], [ [ 1, 2, 2, 2, 2, 2 ], [ 0, 1, 0, 0, 0, 0 ], [ 0, 2, 0, 2, 2, 2 ], [ 0, 1, 1, 2, 1, 1 ], [ 0, 2, 2, 2, 0, 2 ], [ 0, 1, 1, 1, 1, 2 ] ], [ [ 1, 2, 2, 2, 2, 2 ], [ 0, 1, 0, 0, 0, 0 ], [ 0, 2, 0, 2, 2, 2 ], [ 0, 1, 1, 2, 1, 1 ], [ 0, 2, 2, 2, 1, 0 ], [ 0, 1, 1, 1, 0, 1 ] ] ]
1553;2592;[ [ [ 1, 1, 0, 0, 0, 0 ], [ 0, 1, 0, 0, 0, 0 ], [ 0, 0, 1, 0, 0, 0 ], [ 0, 0, 0, 1, 0, 0 ], [ 0, 0, 0, 0, 1, 0 ], [ 0, 0, 0, 0, 0, 1 ] ], [ [ 1, 2, 2, 2, 0, 2 ], [ 0, 1, 0, 0, 0, 0 ], [ 0, 2, 0, 2, 0, 2 ], [ 0, 1, 1, 2, 0, 1 ], [ 0, 2, 2, 2, 1, 2 ], [ 0, 0, 0, 0, 0, 1 ] ], [ [ 1, 0, 0, 0, 0, 0 ], [ 0, 1, 0, 0, 0, 0 ], [ 0, 0, 1, 0, 0, 0 ], [ 0, 0, 1, 1, 1, 2 ], [ 0, 0, 1, 0, 2, 2 ], [ 0, 0, 1, 0, 1, 0 ] ], [ [ 1, 0, 2, 1, 1, 2 ], [ 0, 1, 0, 0, 0, 0 ], [ 0, 1, 1, 2, 0, 2 ], [ 0, 0, 1, 2, 1, 2 ], [ 0, 0, 2, 1, 0, 0 ], [ 0, 1, 0, 2, 1, 0 ] ], [ [ 1, 0, 1, 1, 2, 2 ], [ 0, 1, 0, 0, 0, 0 ], [ 0, 2, 2, 2, 1, 0 ], [ 0, 0, 2, 2, 1, 1 ], [ 0, 0, 1, 1, 0, 0 ], [ 0, 0, 2, 0, 0, 1 ] ] ]
1554;51840;[ [ [ 1, 0, 0, 0, 0, 0 ], [ 0, 1, 0, 0, 0, 0 ], [ 0, 0, 1, 0, 0, 0 ], [ 0, 0, 0, 1, 0, 0 ], [ 0, 0, 0, 0, 1, 1 ], [ 0, 0, 0, 0, 0, 1 ] ], [ [ 1, 1, 1, 2, 0, 0 ], [ 0, 1, 0, 0, 0, 0 ], [ 0, 2, 0, 1, 0, 0 ], [ 0, 2, 2, 2, 0, 0 ], [ 0, 0, 0, 0, 1, 0 ], [ 0, 0, 0, 0, 0, 1 ] ], [ [ 1, 1, 0, 1, 2, 1 ], [ 0, 1, 0, 0, 0, 0 ], [ 0, 1, 1, 1, 2, 1 ], [ 0, 0, 0, 1, 0, 0 ], [ 0, 1, 0, 1, 0, 1 ], [ 0, 1, 0, 1, 2, 2 ] ], [ [ 1, 1, 0, 1, 2, 1 ], [ 0, 1, 0, 0, 0, 0 ], [ 0, 1, 1, 0, 1, 2 ], [ 0, 0, 0, 1, 0, 0 ], [ 0, 1, 0, 2, 1, 0 ], [ 0, 1, 0, 2, 0, 1 ] ] ]
1555;51840;[ [ [ 1, 0, 0, 0, 0, 0 ], [ 0, 1, 0, 0, 0, 0 ], [ 0, 0, 1, 0, 0, 0 ], [ 0, 0, 0, 1, 0, 0 ], [ 0, 0, 0, 0, 1, 1 ], [ 0, 0, 0, 0, 0, 1 ] ], [ [ 1, 1, 1, 2, 0, 0 ], [ 0, 1, 0, 0, 0, 0 ], [ 0, 2, 0, 1, 0, 0 ], [ 0, 2, 2, 2, 0, 0 ], [ 0, 0, 0, 0, 1, 0 ], [ 0, 0, 0, 0, 0, 1 ] ], [ [ 1, 1, 2, 1, 2, 1 ], [ 0, 1, 0, 0, 0, 0 ], [ 0, 1, 2, 2, 0, 0 ], [ 0, 1, 1, 0, 0, 0 ], [ 0, 1, 0, 0, 2, 2 ], [ 0, 1, 0, 0, 1, 0 ] ], [ [ 1, 1, 2, 1, 2, 1 ], [ 0, 1, 0, 0, 0, 0 ], [ 0, 1, 0, 1, 2, 1 ], [ 0, 1, 2, 2, 2, 1 ], [ 0, 1, 2, 1, 0, 1 ], [ 0, 1, 2, 1, 2, 2 ] ], [ [ 1, 1, 2, 0, 1, 2 ], [ 0, 1, 0, 0, 0, 0 ], [ 0, 1, 2, 1, 2, 1 ], [ 0, 1, 1, 1, 1, 2 ], [ 0, 1, 0, 2, 1, 0 ], [ 0, 1, 0, 2, 0, 1 ] ] ]
