q=2 n=2 |PSp|=720 classes=11
CLASS q=2 n=2 order=1 size=1 M=[ [ 1, 0, 0, 0 ], [ 0, 1, 0, 0 ], 
  [ 0, 0, 1, 0 ], [ 0, 0, 0, 1 ] ]
CLASS q=2 n=2 order=2 size=15 M=[ [ 1, 0, 0, 0 ], [ 1, 1, 0, 0 ], 
  [ 0, 0, 1, 0 ], [ 0, 0, 0, 1 ] ]
CLASS q=2 n=2 order=2 size=15 M=[ [ 1, 0, 0, 0 ], [ 0, 1, 1, 0 ], 
  [ 0, 0, 1, 0 ], [ 1, 0, 0, 1 ] ]
CLASS q=2 n=2 order=2 size=45 M=[ [ 1, 0, 0, 0 ], [ 1, 1, 1, 0 ], 
  [ 0, 0, 1, 0 ], [ 1, 0, 0, 1 ] ]
CLASS q=2 n=2 order=4 size=90 M=[ [ 1, 0, 0, 0 ], [ 0, 1, 1, 1 ], 
  [ 1, 0, 1, 0 ], [ 0, 0, 1, 1 ] ]
CLASS q=2 n=2 order=4 size=90 M=[ [ 1, 0, 0, 0 ], [ 1, 1, 1, 1 ], 
  [ 1, 0, 1, 0 ], [ 0, 0, 1, 1 ] ]
CLASS q=2 n=2 order=3 size=40 M=[ [ 1, 0, 0, 0 ], [ 0, 1, 0, 0 ], 
  [ 0, 0, 0, 1 ], [ 0, 0, 1, 1 ] ]
CLASS q=2 n=2 order=6 size=120 M=[ [ 1, 0, 0, 0 ], [ 1, 1, 0, 0 ], 
  [ 0, 0, 0, 1 ], [ 0, 0, 1, 1 ] ]
CLASS q=2 n=2 order=3 size=40 M=[ [ 0, 0, 1, 0 ], [ 0, 1, 0, 1 ], 
  [ 1, 0, 1, 0 ], [ 0, 1, 0, 0 ] ]
CLASS q=2 n=2 order=6 size=120 M=[ [ 0, 0, 1, 0 ], [ 0, 1, 1, 1 ], 
  [ 1, 0, 1, 0 ], [ 0, 1, 0, 0 ] ]
CLASS q=2 n=2 order=5 size=144 M=[ [ 0, 0, 1, 0 ], [ 0, 1, 1, 1 ], 
  [ 0, 1, 0, 0 ], [ 1, 0, 1, 0 ] ]
q=2 n=3 |PSp|=1451520 classes=30
CLASS q=2 n=3 order=1 size=1 M=[ [ 1, 0, 0, 0, 0, 0 ], [ 0, 1, 0, 0, 0, 0 ], 
  [ 0, 0, 1, 0, 0, 0 ], [ 0, 0, 0, 1, 0, 0 ], [ 0, 0, 0, 0, 1, 0 ], 
  [ 0, 0, 0, 0, 0, 1 ] ]
CLASS q=2 n=3 order=2 size=315 M=
[ [ 0, 0, 1, 0, 1, 0 ], [ 0, 0, 1, 0, 1, 1 ], [ 0, 0, 1, 0, 0, 0 ], 
  [ 1, 1, 0, 1, 0, 1 ], [ 1, 0, 1, 0, 0, 0 ], [ 1, 1, 0, 0, 0, 0 ] ]
CLASS q=2 n=3 order=3 size=2240 M=
[ [ 0, 1, 1, 1, 0, 1 ], [ 0, 1, 0, 0, 1, 0 ], [ 0, 1, 0, 1, 1, 0 ], 
  [ 0, 1, 1, 1, 0, 0 ], [ 0, 1, 0, 0, 0, 0 ], [ 1, 0, 0, 1, 0, 1 ] ]
CLASS q=2 n=3 order=4 size=3780 M=
[ [ 0, 1, 1, 1, 0, 0 ], [ 1, 1, 1, 1, 1, 1 ], [ 1, 1, 1, 0, 0, 1 ], 
  [ 0, 0, 1, 1, 0, 0 ], [ 0, 0, 1, 1, 1, 1 ], [ 0, 1, 0, 0, 1, 0 ] ]
CLASS q=2 n=3 order=6 size=20160 M=
[ [ 0, 0, 1, 1, 0, 0 ], [ 1, 0, 1, 0, 0, 0 ], [ 0, 1, 1, 1, 1, 0 ], 
  [ 0, 0, 0, 0, 1, 1 ], [ 1, 0, 0, 0, 1, 1 ], [ 1, 1, 1, 1, 1, 1 ] ]
CLASS q=2 n=3 order=12 size=120960 M=
[ [ 0, 0, 0, 0, 1, 1 ], [ 0, 0, 0, 0, 0, 1 ], [ 1, 1, 1, 1, 0, 0 ], 
  [ 1, 0, 0, 0, 0, 0 ], [ 1, 0, 0, 1, 0, 0 ], [ 1, 0, 1, 0, 0, 0 ] ]
CLASS q=2 n=3 order=7 size=207360 M=
[ [ 1, 0, 0, 1, 1, 1 ], [ 0, 1, 1, 1, 0, 1 ], [ 0, 1, 0, 1, 1, 0 ], 
  [ 0, 0, 0, 1, 1, 1 ], [ 1, 0, 0, 0, 1, 1 ], [ 0, 0, 1, 1, 0, 1 ] ]
CLASS q=2 n=3 order=3 size=13440 M=
[ [ 0, 0, 0, 0, 0, 1 ], [ 1, 0, 0, 0, 1, 0 ], [ 0, 1, 0, 1, 0, 1 ], 
  [ 1, 0, 0, 0, 0, 0 ], [ 1, 0, 1, 0, 0, 0 ], [ 0, 0, 0, 1, 0, 0 ] ]
CLASS q=2 n=3 order=6 size=40320 M=
[ [ 0, 1, 0, 0, 1, 0 ], [ 0, 1, 0, 1, 0, 1 ], [ 0, 1, 0, 0, 0, 0 ], 
  [ 1, 1, 1, 1, 0, 1 ], [ 0, 1, 0, 1, 0, 0 ], [ 0, 0, 1, 0, 1, 0 ] ]
CLASS q=2 n=3 order=2 size=945 M=
[ [ 0, 1, 0, 0, 0, 1 ], [ 0, 0, 1, 0, 1, 1 ], [ 0, 0, 1, 0, 0, 0 ], 
  [ 1, 0, 1, 1, 1, 0 ], [ 1, 1, 0, 0, 1, 1 ], [ 1, 0, 1, 0, 1, 1 ] ]
CLASS q=2 n=3 order=3 size=672 M=
[ [ 0, 1, 1, 0, 0, 1 ], [ 1, 0, 1, 0, 0, 1 ], [ 1, 1, 1, 1, 0, 0 ], 
  [ 0, 0, 1, 0, 0, 1 ], [ 0, 0, 1, 1, 1, 1 ], [ 0, 0, 0, 0, 0, 1 ] ]
CLASS q=2 n=3 order=6 size=30240 M=
[ [ 1, 0, 0, 1, 0, 1 ], [ 1, 1, 1, 1, 1, 1 ], [ 0, 0, 0, 1, 0, 1 ], 
  [ 0, 1, 0, 1, 1, 1 ], [ 0, 0, 1, 0, 1, 0 ], [ 1, 0, 1, 0, 1, 1 ] ]
CLASS q=2 n=3 order=2 size=63 M=[ [ 0, 1, 0, 0, 0, 1 ], [ 1, 0, 0, 0, 0, 1 ], 
  [ 0, 0, 1, 0, 0, 0 ], [ 0, 0, 0, 1, 0, 0 ], [ 1, 1, 0, 0, 1, 1 ], 
  [ 0, 0, 0, 0, 0, 1 ] ]
CLASS q=2 n=3 order=6 size=10080 M=
[ [ 1, 0, 1, 0, 0, 0 ], [ 0, 1, 1, 0, 0, 0 ], [ 1, 1, 1, 1, 0, 0 ], 
  [ 0, 0, 1, 0, 0, 1 ], [ 1, 1, 1, 1, 1, 0 ], [ 0, 0, 0, 0, 0, 1 ] ]
CLASS q=2 n=3 order=6 size=10080 M=
[ [ 1, 1, 0, 0, 1, 0 ], [ 1, 1, 0, 0, 1, 1 ], [ 1, 1, 1, 1, 0, 0 ], 
  [ 1, 1, 1, 0, 0, 0 ], [ 0, 1, 0, 1, 0, 1 ], [ 1, 1, 0, 0, 0, 0 ] ]
CLASS q=2 n=3 order=5 size=48384 M=
[ [ 0, 0, 0, 1, 1, 0 ], [ 1, 0, 1, 0, 1, 0 ], [ 1, 1, 0, 1, 0, 0 ], 
  [ 0, 1, 0, 1, 0, 0 ], [ 0, 0, 0, 0, 1, 0 ], [ 1, 0, 1, 1, 0, 1 ] ]
CLASS q=2 n=3 order=15 size=96768 M=
[ [ 0, 1, 0, 1, 1, 0 ], [ 1, 1, 0, 0, 0, 0 ], [ 1, 1, 0, 1, 0, 1 ], 
  [ 1, 1, 0, 0, 1, 1 ], [ 0, 0, 1, 1, 1, 1 ], [ 0, 0, 0, 1, 0, 0 ] ]
CLASS q=2 n=3 order=4 size=7560 M=
[ [ 1, 0, 1, 1, 1, 0 ], [ 1, 1, 0, 0, 0, 0 ], [ 1, 1, 1, 1, 0, 1 ], 
  [ 1, 1, 1, 1, 1, 1 ], [ 0, 0, 1, 1, 0, 0 ], [ 1, 1, 1, 0, 1, 0 ] ]
CLASS q=2 n=3 order=12 size=60480 M=
[ [ 1, 0, 1, 1, 1, 0 ], [ 0, 1, 0, 1, 1, 1 ], [ 0, 1, 1, 1, 0, 1 ], 
  [ 0, 1, 0, 1, 0, 0 ], [ 0, 0, 0, 1, 1, 1 ], [ 1, 1, 1, 0, 0, 0 ] ]
CLASS q=2 n=3 order=4 size=7560 M=
[ [ 1, 0, 1, 1, 1, 0 ], [ 1, 1, 0, 0, 0, 0 ], [ 1, 1, 0, 0, 1, 1 ], 
  [ 1, 1, 0, 0, 0, 1 ], [ 0, 0, 1, 1, 0, 0 ], [ 1, 1, 0, 1, 0, 0 ] ]
CLASS q=2 n=3 order=2 size=3780 M=
[ [ 1, 0, 0, 0, 0, 0 ], [ 1, 1, 1, 0, 0, 1 ], [ 0, 0, 0, 0, 0, 1 ], 
  [ 1, 0, 1, 0, 1, 0 ], [ 1, 0, 0, 1, 0, 1 ], [ 0, 0, 1, 0, 0, 0 ] ]
CLASS q=2 n=3 order=6 size=40320 M=
[ [ 1, 1, 1, 0, 1, 0 ], [ 0, 1, 0, 1, 1, 1 ], [ 1, 1, 1, 0, 0, 0 ], 
  [ 1, 1, 1, 1, 1, 1 ], [ 0, 1, 0, 1, 0, 0 ], [ 0, 1, 1, 1, 1, 0 ] ]
CLASS q=2 n=3 order=6 size=120960 M=
[ [ 1, 1, 1, 1, 1, 1 ], [ 1, 1, 1, 1, 0, 1 ], [ 1, 1, 1, 1, 0, 0 ], 
  [ 1, 1, 0, 1, 1, 0 ], [ 0, 1, 1, 0, 0, 0 ], [ 1, 0, 1, 0, 0, 0 ] ]
CLASS q=2 n=3 order=9 size=161280 M=
[ [ 0, 1, 1, 0, 1, 0 ], [ 1, 0, 1, 1, 0, 1 ], [ 0, 0, 1, 0, 1, 0 ], 
  [ 1, 1, 0, 1, 0, 0 ], [ 0, 1, 1, 1, 1, 1 ], [ 0, 0, 0, 1, 1, 1 ] ]
CLASS q=2 n=3 order=4 size=11340 M=
[ [ 0, 0, 0, 0, 1, 0 ], [ 0, 1, 0, 1, 0, 1 ], [ 1, 0, 0, 0, 1, 0 ], 
  [ 1, 1, 1, 0, 0, 0 ], [ 0, 0, 1, 0, 1, 0 ], [ 1, 0, 0, 1, 1, 0 ] ]
CLASS q=2 n=3 order=4 size=45360 M=
[ [ 1, 0, 0, 1, 1, 1 ], [ 0, 1, 1, 1, 1, 0 ], [ 0, 1, 0, 1, 0, 1 ], 
  [ 1, 0, 1, 0, 1, 0 ], [ 1, 1, 0, 1, 1, 0 ], [ 0, 1, 1, 0, 1, 1 ] ]
CLASS q=2 n=3 order=8 size=90720 M=
[ [ 1, 1, 1, 0, 1, 0 ], [ 1, 1, 0, 0, 1, 1 ], [ 0, 1, 1, 1, 1, 0 ], 
  [ 1, 1, 0, 0, 0, 0 ], [ 1, 1, 1, 1, 1, 1 ], [ 1, 1, 1, 0, 0, 0 ] ]
CLASS q=2 n=3 order=8 size=90720 M=
[ [ 0, 1, 0, 1, 0, 1 ], [ 1, 1, 1, 0, 1, 1 ], [ 0, 0, 0, 1, 0, 1 ], 
  [ 1, 1, 1, 1, 0, 1 ], [ 0, 0, 1, 0, 1, 1 ], [ 0, 1, 1, 1, 1, 1 ] ]
CLASS q=2 n=3 order=12 size=60480 M=
[ [ 1, 0, 1, 1, 1, 0 ], [ 0, 1, 0, 1, 1, 1 ], [ 1, 1, 0, 1, 1, 0 ], 
  [ 1, 1, 0, 0, 0, 1 ], [ 0, 0, 1, 0, 0, 1 ], [ 0, 1, 0, 0, 1, 1 ] ]
CLASS q=2 n=3 order=10 size=145152 M=
[ [ 0, 1, 0, 1, 1, 1 ], [ 0, 1, 1, 0, 0, 0 ], [ 0, 0, 1, 0, 0, 1 ], 
  [ 0, 1, 1, 0, 1, 0 ], [ 1, 0, 0, 1, 1, 0 ], [ 1, 1, 0, 1, 1, 0 ] ]
q=2 n=4 |PSp|=47377612800 classes=81
CLASS q=2 n=4 order=1 size=1 M=
[ [ 1, 0, 0, 0, 0, 0, 0, 0 ], [ 0, 1, 0, 0, 0, 0, 0, 0 ], 
  [ 0, 0, 1, 0, 0, 0, 0, 0 ], [ 0, 0, 0, 1, 0, 0, 0, 0 ], 
  [ 0, 0, 0, 0, 1, 0, 0, 0 ], [ 0, 0, 0, 0, 0, 1, 0, 0 ], 
  [ 0, 0, 0, 0, 0, 0, 1, 0 ], [ 0, 0, 0, 0, 0, 0, 0, 1 ] ]
CLASS q=2 n=4 order=2 size=5355 M=
[ [ 0, 0, 0, 0, 0, 0, 1, 1 ], [ 0, 0, 1, 0, 0, 1, 1, 0 ], 
  [ 0, 0, 1, 0, 0, 0, 0, 0 ], [ 1, 0, 0, 1, 0, 0, 1, 1 ], 
  [ 1, 0, 0, 0, 1, 0, 1, 1 ], [ 0, 0, 0, 0, 0, 1, 0, 0 ], 
  [ 0, 1, 1, 0, 0, 1, 0, 0 ], [ 1, 1, 1, 0, 0, 1, 0, 0 ] ]
CLASS q=2 n=4 order=3 size=3655680 M=
[ [ 0, 1, 1, 1, 1, 1, 0, 0 ], [ 1, 1, 0, 0, 1, 1, 1, 1 ], 
  [ 1, 1, 0, 0, 0, 1, 0, 1 ], [ 1, 1, 1, 0, 1, 1, 0, 0 ], 
  [ 1, 0, 0, 1, 0, 0, 1, 0 ], [ 1, 0, 0, 0, 0, 1, 1, 1 ], 
  [ 0, 1, 1, 0, 1, 0, 0, 0 ], [ 0, 1, 1, 1, 0, 0, 1, 0 ] ]
CLASS q=2 n=4 order=5 size=13160448 M=
[ [ 1, 1, 0, 1, 1, 1, 1, 0 ], [ 1, 1, 0, 1, 1, 1, 1, 1 ], 
  [ 0, 0, 0, 1, 1, 1, 0, 0 ], [ 1, 1, 1, 0, 1, 1, 0, 1 ], 
  [ 0, 1, 1, 0, 0, 1, 0, 1 ], [ 0, 1, 1, 0, 1, 0, 0, 1 ], 
  [ 1, 1, 0, 0, 1, 1, 0, 0 ], [ 1, 0, 0, 1, 0, 0, 0, 1 ] ]
CLASS q=2 n=4 order=6 size=10967040 M=
[ [ 0, 0, 0, 1, 0, 1, 1, 0 ], [ 0, 0, 1, 1, 1, 1, 1, 1 ], 
  [ 0, 1, 0, 0, 0, 1, 1, 0 ], [ 1, 0, 0, 0, 0, 1, 1, 0 ], 
  [ 0, 0, 0, 1, 1, 1, 0, 1 ], [ 1, 1, 1, 0, 0, 0, 0, 1 ], 
  [ 0, 0, 0, 1, 1, 0, 1, 1 ], [ 1, 1, 1, 0, 1, 0, 0, 0 ] ]
CLASS q=2 n=4 order=10 size=197406720 M=
[ [ 1, 0, 0, 1, 0, 0, 1, 1 ], [ 1, 1, 0, 1, 0, 1, 0, 0 ], 
  [ 1, 0, 0, 0, 1, 1, 0, 0 ], [ 0, 1, 0, 1, 1, 1, 0, 1 ], 
  [ 0, 1, 0, 0, 1, 0, 1, 0 ], [ 1, 1, 0, 0, 0, 1, 0, 1 ], 
  [ 1, 1, 1, 1, 1, 0, 1, 1 ], [ 1, 1, 1, 0, 1, 0, 1, 1 ] ]
CLASS q=2 n=4 order=15 size=526417920 M=
[ [ 0, 1, 0, 1, 1, 1, 1, 1 ], [ 0, 1, 0, 0, 0, 0, 0, 1 ], 
  [ 1, 0, 0, 0, 0, 1, 1, 1 ], [ 1, 1, 1, 1, 0, 0, 1, 1 ], 
  [ 1, 1, 0, 0, 1, 0, 1, 1 ], [ 1, 1, 0, 1, 0, 0, 1, 0 ], 
  [ 1, 0, 0, 1, 0, 1, 1, 1 ], [ 0, 0, 1, 0, 1, 1, 0, 1 ] ]
CLASS q=2 n=4 order=30 size=1579253760 M=
[ [ 0, 1, 0, 0, 0, 1, 0, 0 ], [ 1, 0, 1, 1, 0, 1, 0, 1 ], 
  [ 1, 1, 1, 1, 1, 0, 0, 1 ], [ 0, 1, 1, 1, 0, 1, 1, 1 ], 
  [ 1, 0, 0, 1, 1, 0, 0, 1 ], [ 1, 1, 1, 0, 1, 0, 1, 0 ], 
  [ 0, 1, 0, 0, 0, 0, 1, 1 ], [ 0, 1, 1, 0, 0, 0, 0, 1 ] ]
CLASS q=2 n=4 order=2 size=255 M=
[ [ 1, 0, 0, 0, 0, 0, 0, 0 ], [ 0, 1, 0, 0, 0, 0, 0, 0 ], 
  [ 0, 0, 1, 1, 0, 0, 1, 1 ], [ 0, 0, 0, 1, 0, 0, 0, 0 ], 
  [ 0, 0, 0, 0, 1, 0, 0, 0 ], [ 0, 0, 0, 0, 0, 1, 0, 0 ], 
  [ 0, 0, 0, 1, 0, 0, 0, 1 ], [ 0, 0, 0, 1, 0, 0, 1, 0 ] ]
CLASS q=2 n=4 order=7 size=1128038400 M=
[ [ 1, 0, 1, 0, 0, 1, 0, 1 ], [ 0, 1, 1, 0, 1, 1, 1, 0 ], 
  [ 0, 1, 1, 1, 1, 1, 1, 1 ], [ 1, 1, 0, 1, 1, 0, 1, 1 ], 
  [ 0, 0, 0, 1, 1, 0, 0, 0 ], [ 1, 0, 0, 0, 0, 1, 0, 0 ], 
  [ 0, 1, 0, 0, 1, 0, 0, 1 ], [ 1, 0, 0, 0, 0, 0, 0, 1 ] ]
CLASS q=2 n=4 order=14 size=3384115200 M=
[ [ 1, 1, 1, 0, 1, 0, 1, 0 ], [ 0, 0, 1, 1, 1, 0, 1, 0 ], 
  [ 0, 0, 0, 1, 1, 0, 0, 1 ], [ 0, 0, 0, 1, 1, 0, 1, 1 ], 
  [ 1, 1, 0, 0, 1, 0, 0, 0 ], [ 1, 0, 1, 1, 1, 0, 1, 0 ], 
  [ 1, 0, 1, 0, 0, 1, 0, 0 ], [ 1, 0, 1, 0, 1, 1, 0, 0 ] ]
CLASS q=2 n=4 order=3 size=10880 M=
[ [ 0, 1, 0, 0, 0, 0, 1, 0 ], [ 1, 0, 0, 0, 0, 0, 1, 0 ], 
  [ 1, 1, 1, 1, 0, 0, 0, 1 ], [ 0, 0, 0, 1, 0, 0, 0, 0 ], 
  [ 0, 0, 0, 0, 1, 0, 0, 0 ], [ 0, 0, 0, 0, 0, 1, 0, 0 ], 
  [ 1, 1, 0, 1, 0, 0, 1, 1 ], [ 0, 0, 0, 1, 0, 0, 1, 0 ] ]
CLASS q=2 n=4 order=6 size=685440 M=
[ [ 0, 1, 0, 1, 0, 0, 0, 1 ], [ 1, 0, 0, 1, 0, 0, 0, 1 ], 
  [ 0, 0, 1, 0, 1, 0, 1, 1 ], [ 0, 0, 0, 1, 0, 0, 0, 0 ], 
  [ 0, 0, 0, 0, 1, 0, 0, 0 ], [ 0, 0, 0, 1, 1, 1, 0, 0 ], 
  [ 0, 0, 0, 1, 0, 0, 0, 1 ], [ 1, 1, 0, 0, 0, 0, 1, 1 ] ]
CLASS q=2 n=4 order=10 size=197406720 M=
[ [ 1, 1, 0, 1, 0, 0, 1, 1 ], [ 0, 1, 0, 1, 0, 0, 0, 0 ], 
  [ 1, 0, 1, 0, 1, 0, 1, 1 ], [ 1, 1, 1, 0, 1, 1, 1, 0 ], 
  [ 1, 1, 1, 1, 0, 1, 1, 0 ], [ 1, 1, 1, 0, 0, 0, 1, 0 ], 
  [ 0, 1, 0, 0, 0, 0, 0, 1 ], [ 1, 0, 1, 1, 1, 1, 0, 0 ] ]
CLASS q=2 n=4 order=15 size=526417920 M=
[ [ 0, 0, 1, 1, 1, 1, 0, 0 ], [ 1, 0, 1, 0, 1, 1, 1, 1 ], 
  [ 1, 1, 0, 0, 1, 1, 0, 1 ], [ 0, 0, 1, 1, 1, 1, 1, 0 ], 
  [ 0, 0, 1, 0, 0, 1, 1, 0 ], [ 0, 0, 1, 0, 1, 0, 1, 0 ], 
  [ 0, 1, 0, 0, 0, 0, 1, 0 ], [ 1, 0, 1, 1, 1, 1, 1, 0 ] ]
CLASS q=2 n=4 order=30 size=1579253760 M=
[ [ 0, 1, 0, 1, 0, 0, 1, 0 ], [ 0, 1, 1, 1, 1, 1, 0, 0 ], 
  [ 1, 0, 1, 1, 1, 0, 1, 0 ], [ 0, 1, 1, 1, 1, 1, 0, 1 ], 
  [ 0, 1, 1, 0, 0, 1, 0, 1 ], [ 0, 1, 1, 1, 0, 0, 0, 1 ], 
  [ 0, 0, 1, 1, 1, 1, 0, 1 ], [ 1, 0, 0, 1, 0, 0, 0, 1 ] ]
CLASS q=2 n=4 order=3 size=609280 M=
[ [ 0, 1, 0, 0, 0, 0, 1, 1 ], [ 0, 1, 1, 1, 0, 0, 1, 0 ], 
  [ 1, 0, 1, 0, 0, 1, 1, 0 ], [ 1, 0, 1, 0, 1, 1, 1, 0 ], 
  [ 0, 0, 1, 1, 1, 0, 0, 0 ], [ 0, 0, 1, 0, 1, 0, 1, 1 ], 
  [ 0, 1, 0, 0, 1, 0, 0, 0 ], [ 1, 1, 1, 1, 1, 0, 0, 1 ] ]
CLASS q=2 n=4 order=5 size=157925376 M=
[ [ 0, 1, 1, 1, 1, 1, 1, 1 ], [ 0, 0, 0, 0, 1, 0, 0, 0 ], 
  [ 1, 1, 0, 1, 0, 0, 1, 1 ], [ 1, 1, 0, 1, 1, 0, 0, 1 ], 
  [ 0, 1, 1, 1, 0, 0, 0, 0 ], [ 1, 0, 1, 1, 1, 0, 0, 0 ], 
  [ 0, 0, 1, 1, 1, 0, 1, 0 ], [ 1, 1, 1, 0, 1, 0, 1, 0 ] ]
CLASS q=2 n=4 order=15 size=3158507520 M=
[ [ 1, 1, 0, 0, 0, 1, 0, 0 ], [ 0, 0, 0, 0, 1, 0, 1, 0 ], 
  [ 0, 1, 0, 1, 1, 1, 1, 1 ], [ 0, 0, 0, 1, 0, 1, 1, 1 ], 
  [ 0, 1, 0, 0, 1, 0, 1, 0 ], [ 1, 1, 0, 1, 0, 1, 1, 1 ], 
  [ 0, 0, 1, 1, 0, 0, 1, 0 ], [ 0, 0, 1, 0, 0, 0, 1, 0 ] ]
CLASS q=2 n=4 order=17 size=2786918400 M=
[ [ 1, 1, 1, 0, 0, 1, 0, 0 ], [ 0, 0, 0, 1, 0, 1, 1, 1 ], 
  [ 0, 0, 0, 0, 0, 1, 0, 0 ], [ 0, 1, 1, 0, 1, 0, 1, 1 ], 
  [ 0, 0, 1, 0, 0, 1, 1, 0 ], [ 1, 0, 0, 1, 0, 0, 0, 0 ], 
  [ 1, 1, 1, 0, 0, 0, 1, 0 ], [ 1, 0, 0, 1, 0, 0, 1, 1 ] ]
CLASS q=2 n=4 order=17 size=2786918400 M=
[ [ 1, 0, 1, 1, 0, 0, 1, 0 ], [ 1, 0, 0, 0, 1, 1, 1, 1 ], 
  [ 0, 1, 1, 1, 1, 0, 1, 1 ], [ 0, 1, 1, 1, 0, 0, 0, 1 ], 
  [ 0, 1, 1, 0, 0, 0, 1, 0 ], [ 0, 0, 1, 0, 1, 1, 1, 1 ], 
  [ 1, 0, 1, 0, 0, 1, 0, 1 ], [ 1, 1, 0, 1, 1, 0, 0, 0 ] ]
CLASS q=2 n=4 order=2 size=64260 M=
[ [ 1, 0, 0, 1, 1, 0, 0, 0 ], [ 0, 1, 0, 1, 0, 0, 1, 0 ], 
  [ 1, 1, 0, 0, 0, 1, 0, 1 ], [ 0, 0, 0, 0, 1, 0, 0, 0 ], 
  [ 0, 0, 0, 1, 0, 0, 0, 0 ], [ 0, 1, 1, 0, 0, 0, 1, 1 ], 
  [ 0, 0, 0, 1, 1, 0, 1, 0 ], [ 1, 0, 0, 0, 1, 0, 0, 1 ] ]
CLASS q=2 n=4 order=10 size=2368880640 M=
[ [ 1, 1, 1, 0, 0, 0, 0, 0 ], [ 1, 1, 0, 1, 1, 1, 1, 0 ], 
  [ 1, 0, 0, 1, 1, 1, 0, 1 ], [ 1, 0, 0, 1, 1, 1, 1, 1 ], 
  [ 0, 1, 1, 1, 0, 0, 0, 0 ], [ 1, 0, 1, 1, 0, 0, 1, 0 ], 
  [ 1, 1, 1, 0, 1, 0, 1, 0 ], [ 1, 1, 1, 0, 0, 1, 1, 0 ] ]
CLASS q=2 n=4 order=2 size=16065 M=
[ [ 1, 1, 1, 0, 1, 1, 0, 1 ], [ 0, 1, 0, 0, 0, 0, 0, 0 ], 
  [ 0, 0, 1, 1, 1, 0, 0, 0 ], [ 0, 1, 1, 1, 1, 1, 0, 1 ], 
  [ 0, 1, 1, 0, 0, 1, 0, 1 ], [ 0, 1, 1, 1, 0, 0, 0, 1 ], 
  [ 0, 1, 1, 0, 1, 1, 1, 1 ], [ 0, 0, 0, 0, 0, 0, 0, 1 ] ]
CLASS q=2 n=4 order=4 size=7711200 M=
[ [ 0, 1, 0, 0, 0, 1, 1, 0 ], [ 0, 0, 1, 1, 0, 1, 0, 1 ], 
  [ 1, 1, 0, 1, 0, 0, 1, 1 ], [ 1, 0, 1, 1, 0, 0, 0, 1 ], 
  [ 1, 1, 0, 1, 1, 1, 0, 0 ], [ 0, 1, 1, 1, 1, 0, 1, 1 ], 
  [ 1, 0, 1, 0, 0, 0, 1, 1 ], [ 0, 1, 0, 1, 1, 0, 0, 1 ] ]
CLASS q=2 n=4 order=2 size=321300 M=
[ [ 0, 0, 0, 1, 1, 0, 1, 0 ], [ 0, 0, 1, 0, 1, 0, 1, 0 ], 
  [ 0, 1, 1, 1, 0, 1, 1, 0 ], [ 1, 0, 1, 1, 0, 1, 1, 0 ], 
  [ 0, 0, 1, 1, 0, 1, 0, 0 ], [ 1, 1, 0, 0, 1, 0, 0, 0 ], 
  [ 0, 0, 0, 0, 0, 0, 1, 0 ], [ 1, 1, 1, 1, 0, 0, 0, 1 ] ]
CLASS q=2 n=4 order=3 size=12185600 M=
[ [ 1, 0, 0, 0, 0, 0, 0, 1 ], [ 0, 0, 1, 1, 0, 0, 1, 0 ], 
  [ 1, 1, 1, 1, 0, 1, 1, 0 ], [ 1, 1, 0, 1, 1, 1, 1, 1 ], 
  [ 0, 1, 1, 0, 1, 1, 1, 1 ], [ 0, 1, 1, 1, 1, 0, 1, 0 ], 
  [ 0, 1, 0, 1, 1, 0, 1, 1 ], [ 1, 0, 1, 1, 1, 1, 0, 0 ] ]
CLASS q=2 n=4 order=6 size=329011200 M=
[ [ 1, 1, 0, 0, 1, 1, 0, 1 ], [ 1, 1, 1, 0, 1, 0, 0, 0 ], 
  [ 0, 0, 0, 1, 1, 1, 0, 1 ], [ 0, 1, 0, 1, 0, 0, 1, 0 ], 
  [ 0, 0, 0, 0, 1, 0, 1, 0 ], [ 0, 1, 1, 1, 1, 0, 0, 1 ], 
  [ 0, 1, 1, 0, 0, 1, 0, 1 ], [ 1, 1, 0, 1, 0, 1, 1, 1 ] ]
CLASS q=2 n=4 order=6 size=41126400 M=
[ [ 1, 1, 0, 1, 0, 1, 0, 0 ], [ 1, 1, 1, 0, 0, 1, 0, 0 ], 
  [ 1, 0, 0, 0, 1, 0, 1, 1 ], [ 0, 1, 0, 0, 1, 0, 1, 1 ], 
  [ 1, 1, 1, 1, 1, 0, 1, 0 ], [ 0, 0, 0, 0, 0, 1, 1, 0 ], 
  [ 1, 1, 1, 1, 1, 1, 1, 1 ], [ 1, 1, 0, 0, 0, 0, 1, 0 ] ]
CLASS q=2 n=4 order=4 size=15422400 M=
[ [ 0, 0, 1, 1, 0, 1, 1, 1 ], [ 0, 0, 0, 1, 0, 0, 1, 1 ], 
  [ 1, 0, 0, 0, 0, 1, 0, 0 ], [ 0, 0, 0, 1, 1, 1, 1, 1 ], 
  [ 0, 1, 1, 1, 1, 1, 0, 1 ], [ 0, 1, 1, 1, 1, 1, 1, 0 ], 
  [ 1, 1, 0, 1, 1, 1, 0, 0 ], [ 1, 0, 0, 0, 0, 0, 1, 1 ] ]
CLASS q=2 n=4 order=6 size=109670400 M=
[ [ 1, 1, 1, 0, 1, 1, 0, 1 ], [ 1, 0, 1, 0, 1, 0, 1, 1 ], 
  [ 0, 0, 1, 1, 1, 0, 0, 1 ], [ 1, 1, 1, 1, 0, 1, 0, 1 ], 
  [ 0, 1, 0, 1, 1, 0, 1, 1 ], [ 1, 0, 0, 0, 1, 0, 0, 0 ], 
  [ 1, 1, 1, 1, 1, 1, 1, 0 ], [ 1, 0, 0, 1, 1, 0, 1, 0 ] ]
CLASS q=2 n=4 order=12 size=1974067200 M=
[ [ 0, 1, 1, 0, 1, 0, 1, 0 ], [ 1, 0, 0, 0, 0, 0, 1, 0 ], 
  [ 1, 0, 1, 1, 1, 0, 1, 0 ], [ 0, 0, 1, 1, 1, 1, 0, 0 ], 
  [ 0, 0, 0, 1, 0, 1, 0, 0 ], [ 0, 1, 1, 0, 0, 1, 1, 1 ], 
  [ 1, 1, 0, 0, 0, 0, 0, 1 ], [ 0, 0, 0, 1, 0, 1, 1, 0 ] ]
CLASS q=2 n=4 order=6 size=36556800 M=
[ [ 0, 1, 1, 1, 1, 0, 1, 1 ], [ 1, 1, 0, 1, 0, 0, 0, 1 ], 
  [ 1, 0, 1, 0, 1, 0, 0, 0 ], [ 0, 0, 0, 0, 1, 1, 0, 1 ], 
  [ 0, 0, 0, 1, 1, 1, 0, 0 ], [ 0, 1, 1, 1, 0, 0, 0, 0 ], 
  [ 1, 1, 0, 1, 0, 0, 0, 0 ], [ 0, 0, 1, 1, 0, 1, 1, 0 ] ]
CLASS q=2 n=4 order=6 size=3427200 M=
[ [ 1, 1, 0, 1, 1, 1, 0, 1 ], [ 1, 0, 0, 1, 1, 0, 1, 1 ], 
  [ 0, 0, 1, 1, 1, 0, 0, 1 ], [ 1, 1, 1, 1, 0, 1, 0, 1 ], 
  [ 0, 1, 1, 0, 1, 0, 1, 1 ], [ 0, 0, 0, 1, 1, 1, 0, 1 ], 
  [ 1, 1, 1, 1, 1, 1, 1, 0 ], [ 0, 0, 1, 1, 1, 1, 1, 1 ] ]
CLASS q=2 n=4 order=6 size=164505600 M=
[ [ 0, 1, 0, 1, 1, 1, 1, 1 ], [ 0, 0, 1, 1, 0, 0, 0, 0 ], 
  [ 1, 0, 0, 0, 1, 1, 1, 0 ], [ 1, 1, 0, 0, 1, 1, 1, 0 ], 
  [ 0, 0, 0, 0, 1, 1, 0, 0 ], [ 0, 0, 1, 1, 0, 1, 1, 1 ], 
  [ 0, 0, 1, 1, 1, 1, 1, 0 ], [ 0, 1, 0, 0, 0, 0, 1, 1 ] ]
CLASS q=2 n=4 order=6 size=164505600 M=
[ [ 0, 0, 0, 1, 1, 1, 0, 1 ], [ 1, 0, 0, 1, 0, 1, 0, 1 ], 
  [ 1, 1, 1, 1, 1, 1, 1, 1 ], [ 0, 0, 0, 1, 1, 0, 1, 0 ], 
  [ 1, 1, 1, 0, 1, 1, 1, 0 ], [ 0, 0, 0, 0, 1, 0, 1, 0 ], 
  [ 1, 0, 0, 1, 0, 0, 0, 0 ], [ 0, 1, 0, 0, 1, 1, 0, 1 ] ]
CLASS q=2 n=4 order=12 size=987033600 M=
[ [ 0, 0, 1, 0, 1, 1, 1, 1 ], [ 1, 1, 0, 0, 1, 0, 1, 1 ], 
  [ 1, 1, 1, 1, 1, 1, 1, 0 ], [ 1, 1, 1, 0, 0, 0, 0, 0 ], 
  [ 0, 1, 0, 1, 0, 0, 1, 0 ], [ 1, 0, 0, 1, 0, 0, 1, 0 ], 
  [ 1, 1, 0, 0, 0, 1, 0, 1 ], [ 1, 1, 1, 0, 0, 1, 1, 0 ] ]
CLASS q=2 n=4 order=2 size=963900 M=
[ [ 0, 0, 0, 1, 0, 0, 1, 1 ], [ 1, 0, 0, 1, 0, 1, 0, 1 ], 
  [ 1, 1, 0, 0, 1, 1, 0, 0 ], [ 0, 0, 1, 0, 1, 0, 0, 1 ], 
  [ 1, 0, 0, 1, 0, 1, 0, 0 ], [ 0, 0, 1, 1, 0, 0, 1, 0 ], 
  [ 1, 1, 1, 0, 0, 0, 0, 1 ], [ 0, 1, 0, 0, 1, 0, 0, 0 ] ]
CLASS q=2 n=4 order=6 size=493516800 M=
[ [ 0, 1, 1, 0, 0, 0, 1, 0 ], [ 1, 0, 0, 1, 0, 1, 0, 1 ], 
  [ 1, 1, 0, 0, 1, 0, 0, 1 ], [ 0, 0, 1, 0, 1, 1, 0, 0 ], 
  [ 1, 1, 0, 1, 1, 0, 0, 0 ], [ 0, 1, 1, 1, 0, 1, 0, 1 ], 
  [ 1, 1, 1, 0, 1, 1, 1, 1 ], [ 0, 1, 1, 1, 1, 0, 1, 1 ] ]
CLASS q=2 n=4 order=6 size=164505600 M=
[ [ 1, 0, 1, 1, 1, 1, 0, 1 ], [ 1, 0, 1, 1, 0, 1, 0, 1 ], 
  [ 0, 1, 0, 0, 1, 0, 0, 1 ], [ 1, 1, 0, 1, 0, 0, 0, 0 ], 
  [ 1, 1, 0, 0, 0, 0, 1, 0 ], [ 1, 0, 1, 0, 0, 0, 1, 0 ], 
  [ 1, 1, 0, 1, 1, 0, 1, 0 ], [ 0, 1, 1, 0, 0, 0, 0, 1 ] ]
CLASS q=2 n=4 order=6 size=164505600 M=
[ [ 1, 1, 1, 1, 1, 0, 1, 0 ], [ 1, 1, 1, 0, 0, 1, 0, 1 ], 
  [ 0, 0, 1, 0, 1, 0, 1, 1 ], [ 1, 0, 1, 1, 1, 1, 1, 0 ], 
  [ 1, 1, 0, 1, 1, 0, 0, 1 ], [ 0, 0, 1, 1, 0, 1, 1, 1 ], 
  [ 1, 1, 1, 0, 1, 0, 1, 1 ], [ 0, 1, 0, 0, 0, 0, 1, 1 ] ]
CLASS q=2 n=4 order=4 size=1285200 M=
[ [ 1, 1, 1, 0, 0, 1, 1, 1 ], [ 1, 0, 0, 0, 0, 0, 1, 1 ], 
  [ 0, 1, 1, 1, 1, 0, 0, 1 ], [ 1, 1, 1, 0, 1, 1, 0, 1 ], 
  [ 0, 1, 1, 0, 0, 0, 1, 0 ], [ 1, 1, 0, 0, 1, 0, 1, 0 ], 
  [ 1, 1, 1, 1, 0, 0, 1, 0 ], [ 0, 0, 1, 1, 1, 1, 1, 1 ] ]
CLASS q=2 n=4 order=12 size=658022400 M=
[ [ 1, 0, 1, 1, 0, 0, 1, 0 ], [ 1, 0, 0, 1, 0, 1, 1, 0 ], 
  [ 0, 0, 1, 1, 1, 0, 0, 0 ], [ 1, 0, 0, 0, 0, 1, 1, 0 ], 
  [ 1, 0, 0, 1, 1, 1, 1, 1 ], [ 0, 0, 0, 1, 1, 1, 0, 1 ], 
  [ 1, 1, 0, 0, 0, 0, 0, 1 ], [ 0, 1, 0, 0, 0, 0, 0, 1 ] ]
CLASS q=2 n=4 order=6 size=27417600 M=
[ [ 1, 0, 0, 1, 1, 1, 0, 0 ], [ 1, 1, 1, 0, 1, 0, 0, 0 ], 
  [ 0, 0, 0, 1, 1, 1, 0, 1 ], [ 0, 0, 0, 0, 0, 0, 1, 1 ], 
  [ 0, 1, 0, 1, 1, 0, 1, 1 ], [ 0, 0, 1, 0, 1, 0, 0, 0 ], 
  [ 0, 0, 1, 1, 0, 1, 0, 0 ], [ 1, 1, 0, 1, 0, 1, 1, 1 ] ]
CLASS q=2 n=4 order=4 size=61689600 M=
[ [ 0, 0, 0, 1, 0, 1, 0, 1 ], [ 0, 0, 1, 0, 1, 1, 1, 1 ], 
  [ 1, 0, 1, 1, 1, 1, 0, 1 ], [ 0, 1, 1, 1, 0, 1, 1, 1 ], 
  [ 0, 0, 0, 0, 1, 0, 1, 0 ], [ 1, 0, 0, 1, 0, 1, 0, 0 ], 
  [ 1, 1, 1, 1, 0, 0, 1, 0 ], [ 1, 1, 0, 0, 1, 1, 1, 1 ] ]
CLASS q=2 n=4 order=12 size=1974067200 M=
[ [ 0, 0, 1, 0, 1, 1, 0, 1 ], [ 0, 0, 1, 1, 1, 0, 1, 0 ], 
  [ 1, 0, 0, 1, 1, 0, 0, 1 ], [ 0, 0, 0, 1, 0, 1, 0, 0 ], 
  [ 1, 1, 1, 1, 1, 1, 1, 1 ], [ 0, 1, 1, 1, 1, 1, 1, 1 ], 
  [ 1, 0, 1, 0, 1, 1, 0, 0 ], [ 1, 0, 0, 0, 0, 1, 1, 1 ] ]
CLASS q=2 n=4 order=4 size=514080 M=
[ [ 0, 1, 0, 1, 0, 1, 0, 1 ], [ 1, 1, 0, 0, 1, 0, 1, 1 ], 
  [ 1, 1, 1, 1, 0, 1, 0, 1 ], [ 1, 1, 1, 0, 1, 0, 1, 1 ], 
  [ 0, 0, 1, 0, 0, 1, 1, 0 ], [ 1, 0, 1, 0, 0, 0, 0, 1 ], 
  [ 1, 0, 0, 0, 1, 0, 0, 1 ], [ 1, 0, 1, 0, 0, 1, 0, 0 ] ]
CLASS q=2 n=4 order=12 size=329011200 M=
[ [ 1, 1, 0, 0, 1, 0, 0, 0 ], [ 1, 0, 1, 1, 1, 0, 1, 1 ], 
  [ 0, 0, 1, 0, 1, 0, 1, 0 ], [ 0, 1, 0, 0, 0, 1, 0, 0 ], 
  [ 0, 1, 1, 0, 0, 1, 0, 1 ], [ 1, 0, 1, 0, 1, 1, 1, 1 ], 
  [ 1, 0, 1, 1, 1, 1, 1, 0 ], [ 1, 1, 1, 0, 1, 0, 0, 0 ] ]
CLASS q=2 n=4 order=4 size=514080 M=
[ [ 1, 1, 1, 1, 0, 0, 0, 0 ], [ 0, 0, 0, 1, 1, 1, 1, 0 ], 
  [ 0, 1, 0, 1, 0, 0, 0, 0 ], [ 1, 0, 0, 1, 1, 0, 1, 1 ], 
  [ 1, 1, 1, 1, 0, 0, 1, 1 ], [ 1, 0, 1, 0, 0, 0, 0, 1 ], 
  [ 0, 1, 0, 1, 1, 1, 0, 0 ], [ 1, 0, 1, 0, 0, 1, 0, 0 ] ]
CLASS q=2 n=4 order=6 size=10281600 M=
[ [ 0, 1, 0, 1, 1, 1, 1, 1 ], [ 1, 0, 0, 1, 0, 1, 0, 1 ], 
  [ 1, 1, 1, 1, 1, 1, 1, 1 ], [ 0, 0, 0, 1, 1, 0, 1, 0 ], 
  [ 1, 0, 1, 0, 1, 0, 0, 1 ], [ 0, 0, 0, 0, 1, 0, 1, 0 ], 
  [ 1, 1, 0, 1, 0, 1, 1, 1 ], [ 0, 0, 0, 0, 1, 1, 1, 1 ] ]
CLASS q=2 n=4 order=12 size=82252800 M=
[ [ 0, 0, 1, 0, 0, 0, 0, 1 ], [ 0, 1, 1, 0, 1, 1, 1, 0 ], 
  [ 1, 0, 0, 0, 0, 0, 0, 1 ], [ 0, 0, 1, 1, 1, 0, 1, 0 ], 
  [ 1, 0, 0, 0, 1, 1, 0, 1 ], [ 1, 1, 0, 1, 1, 0, 1, 1 ], 
  [ 0, 0, 1, 0, 1, 1, 0, 0 ], [ 1, 1, 0, 1, 1, 1, 1, 0 ] ]
CLASS q=2 n=4 order=4 size=15422400 M=
[ [ 0, 0, 0, 1, 0, 0, 1, 0 ], [ 0, 1, 1, 0, 1, 1, 1, 0 ], 
  [ 1, 1, 1, 1, 0, 1, 0, 1 ], [ 0, 1, 0, 0, 1, 1, 1, 0 ], 
  [ 1, 1, 0, 0, 0, 1, 0, 0 ], [ 1, 0, 1, 0, 0, 0, 0, 1 ], 
  [ 0, 1, 1, 0, 1, 0, 1, 1 ], [ 1, 1, 1, 0, 0, 0, 1, 1 ] ]
CLASS q=2 n=4 order=12 size=493516800 M=
[ [ 1, 1, 0, 0, 0, 0, 1, 1 ], [ 0, 0, 0, 1, 1, 1, 1, 0 ], 
  [ 0, 0, 1, 0, 0, 1, 0, 0 ], [ 1, 1, 1, 0, 1, 1, 1, 1 ], 
  [ 1, 0, 1, 1, 1, 0, 1, 0 ], [ 1, 1, 0, 1, 1, 0, 1, 1 ], 
  [ 0, 0, 0, 1, 1, 0, 1, 1 ], [ 1, 0, 0, 1, 1, 0, 0, 1 ] ]
CLASS q=2 n=4 order=4 size=3855600 M=
[ [ 1, 0, 0, 0, 0, 0, 0, 0 ], [ 1, 1, 1, 1, 1, 1, 0, 1 ], 
  [ 0, 0, 0, 0, 0, 1, 1, 0 ], [ 1, 0, 0, 0, 0, 0, 1, 1 ], 
  [ 1, 0, 0, 1, 1, 0, 1, 1 ], [ 0, 0, 0, 1, 0, 1, 0, 0 ], 
  [ 1, 0, 1, 1, 1, 1, 1, 1 ], [ 0, 0, 1, 0, 1, 1, 1, 1 ] ]
CLASS q=2 n=4 order=8 size=123379200 M=
[ [ 1, 0, 0, 1, 1, 0, 0, 0 ], [ 0, 1, 0, 0, 1, 0, 0, 0 ], 
  [ 1, 1, 0, 0, 0, 1, 1, 0 ], [ 1, 0, 1, 0, 1, 1, 0, 1 ], 
  [ 1, 0, 1, 1, 0, 1, 0, 1 ], [ 1, 1, 0, 0, 0, 1, 0, 0 ], 
  [ 0, 0, 0, 1, 0, 0, 1, 0 ], [ 1, 0, 1, 0, 1, 1, 0, 0 ] ]
CLASS q=2 n=4 order=12 size=123379200 M=
[ [ 0, 1, 0, 0, 0, 0, 1, 0 ], [ 0, 0, 1, 0, 0, 1, 1, 1 ], 
  [ 0, 1, 0, 1, 1, 1, 0, 0 ], [ 1, 0, 0, 0, 0, 0, 1, 1 ], 
  [ 1, 0, 0, 1, 1, 0, 1, 1 ], [ 1, 0, 0, 0, 0, 1, 1, 1 ], 
  [ 0, 1, 1, 1, 0, 1, 1, 0 ], [ 0, 0, 1, 0, 0, 1, 0, 0 ] ]
CLASS q=2 n=4 order=24 size=987033600 M=
[ [ 0, 1, 0, 0, 1, 0, 0, 1 ], [ 1, 0, 1, 1, 0, 1, 1, 1 ], 
  [ 1, 1, 0, 0, 0, 1, 0, 1 ], [ 0, 0, 1, 0, 0, 1, 1, 0 ], 
  [ 0, 0, 1, 1, 1, 1, 1, 0 ], [ 0, 1, 1, 0, 1, 0, 0, 1 ], 
  [ 0, 0, 1, 0, 1, 1, 1, 1 ], [ 1, 1, 0, 0, 1, 0, 1, 1 ] ]
CLASS q=2 n=4 order=8 size=370137600 M=
[ [ 0, 1, 0, 0, 0, 0, 1, 0 ], [ 1, 0, 1, 0, 0, 1, 0, 0 ], 
  [ 1, 0, 0, 0, 0, 1, 1, 1 ], [ 0, 0, 1, 0, 0, 1, 1, 0 ], 
  [ 0, 0, 1, 1, 1, 1, 1, 0 ], [ 0, 0, 1, 0, 0, 0, 0, 0 ], 
  [ 0, 0, 1, 0, 0, 1, 0, 0 ], [ 1, 1, 0, 0, 1, 0, 1, 1 ] ]
CLASS q=2 n=4 order=4 size=46267200 M=
[ [ 0, 1, 1, 0, 1, 1, 1, 1 ], [ 0, 0, 1, 0, 0, 1, 1, 1 ], 
  [ 0, 0, 1, 1, 1, 0, 0, 0 ], [ 1, 0, 1, 1, 0, 1, 0, 1 ], 
  [ 1, 0, 1, 0, 1, 1, 0, 1 ], [ 0, 0, 1, 1, 1, 0, 1, 1 ], 
  [ 1, 0, 1, 0, 0, 1, 1, 1 ], [ 1, 1, 1, 0, 0, 1, 0, 0 ] ]
CLASS q=2 n=4 order=4 size=92534400 M=
[ [ 1, 1, 0, 0, 0, 0, 1, 1 ], [ 0, 0, 1, 0, 1, 0, 0, 1 ], 
  [ 0, 1, 0, 1, 0, 1, 0, 1 ], [ 1, 0, 1, 0, 1, 0, 0, 1 ], 
  [ 1, 0, 1, 1, 0, 1, 0, 1 ], [ 1, 0, 1, 0, 0, 0, 0, 1 ], 
  [ 1, 0, 1, 1, 1, 0, 1, 0 ], [ 1, 0, 0, 1, 0, 0, 1, 0 ] ]
CLASS q=2 n=4 order=4 size=7711200 M=
[ [ 0, 0, 0, 1, 0, 0, 1, 0 ], [ 0, 1, 0, 0, 0, 1, 0, 1 ], 
  [ 0, 0, 1, 0, 0, 0, 0, 1 ], [ 0, 0, 0, 1, 0, 1, 0, 0 ], 
  [ 1, 0, 1, 0, 1, 0, 0, 1 ], [ 0, 0, 0, 0, 0, 1, 0, 0 ], 
  [ 1, 1, 0, 1, 0, 1, 1, 0 ], [ 1, 0, 0, 1, 0, 0, 1, 0 ] ]
CLASS q=2 n=4 order=6 size=54835200 M=
[ [ 1, 0, 1, 1, 0, 0, 1, 1 ], [ 0, 1, 1, 0, 1, 1, 1, 0 ], 
  [ 0, 1, 0, 1, 0, 1, 0, 0 ], [ 1, 1, 1, 0, 1, 1, 1, 1 ], 
  [ 1, 0, 0, 0, 1, 0, 0, 0 ], [ 1, 1, 0, 1, 1, 0, 1, 1 ], 
  [ 0, 0, 1, 0, 1, 0, 0, 1 ], [ 1, 0, 0, 1, 1, 0, 0, 1 ] ]
CLASS q=2 n=4 order=12 size=987033600 M=
[ [ 0, 0, 0, 0, 1, 0, 0, 0 ], [ 1, 0, 0, 0, 0, 1, 0, 1 ], 
  [ 1, 1, 1, 1, 0, 0, 1, 0 ], [ 1, 1, 1, 0, 1, 0, 0, 0 ], 
  [ 0, 0, 1, 0, 0, 0, 0, 1 ], [ 0, 0, 0, 0, 1, 0, 1, 0 ], 
  [ 1, 0, 0, 1, 1, 0, 1, 0 ], [ 0, 1, 0, 1, 0, 0, 1, 0 ] ]
CLASS q=2 n=4 order=8 size=123379200 M=
[ [ 0, 1, 1, 0, 0, 0, 1, 0 ], [ 0, 1, 0, 0, 0, 1, 0, 1 ], 
  [ 0, 1, 0, 1, 0, 0, 0, 1 ], [ 0, 1, 1, 0, 0, 1, 0, 0 ], 
  [ 0, 0, 1, 1, 1, 0, 1, 1 ], [ 1, 1, 1, 0, 1, 1, 0, 1 ], 
  [ 1, 0, 1, 0, 1, 0, 0, 1 ], [ 0, 1, 1, 1, 1, 0, 1, 1 ] ]
CLASS q=2 n=4 order=8 size=370137600 M=
[ [ 0, 1, 1, 0, 0, 0, 1, 0 ], [ 0, 1, 1, 1, 1, 0, 0, 0 ], 
  [ 1, 1, 1, 1, 0, 1, 0, 0 ], [ 1, 1, 0, 1, 0, 0, 1, 0 ], 
  [ 1, 0, 0, 0, 1, 1, 0, 1 ], [ 0, 1, 1, 0, 0, 1, 1, 0 ], 
  [ 0, 0, 1, 1, 0, 0, 0, 1 ], [ 0, 1, 0, 1, 0, 1, 0, 1 ] ]
CLASS q=2 n=4 order=9 size=877363200 M=
[ [ 0, 1, 1, 1, 0, 1, 1, 0 ], [ 1, 1, 1, 0, 1, 0, 1, 0 ], 
  [ 1, 0, 1, 1, 0, 1, 0, 1 ], [ 0, 1, 1, 0, 0, 0, 1, 1 ], 
  [ 1, 1, 1, 1, 1, 1, 0, 0 ], [ 1, 0, 0, 0, 0, 0, 0, 1 ], 
  [ 1, 1, 0, 1, 1, 0, 1, 1 ], [ 0, 0, 1, 0, 1, 0, 0, 0 ] ]
CLASS q=2 n=4 order=18 size=2632089600 M=
[ [ 1, 1, 1, 0, 0, 1, 0, 1 ], [ 0, 0, 0, 0, 1, 0, 0, 1 ], 
  [ 1, 1, 0, 0, 0, 0, 0, 1 ], [ 1, 1, 1, 1, 0, 1, 1, 0 ], 
  [ 1, 1, 0, 0, 0, 0, 0, 0 ], [ 1, 0, 0, 0, 0, 1, 1, 1 ], 
  [ 0, 0, 1, 1, 1, 0, 0, 1 ], [ 1, 1, 1, 0, 0, 0, 0, 1 ] ]
CLASS q=2 n=4 order=9 size=1754726400 M=
[ [ 0, 0, 1, 0, 0, 0, 1, 1 ], [ 0, 0, 0, 0, 1, 0, 0, 1 ], 
  [ 0, 0, 0, 0, 0, 1, 1, 1 ], [ 1, 1, 1, 1, 0, 1, 1, 0 ], 
  [ 1, 1, 0, 0, 0, 0, 0, 0 ], [ 1, 0, 0, 0, 0, 1, 1, 1 ], 
  [ 0, 0, 1, 1, 1, 0, 0, 1 ], [ 0, 0, 1, 0, 0, 1, 1, 1 ] ]
CLASS q=2 n=4 order=4 size=92534400 M=
[ [ 0, 0, 1, 0, 0, 0, 0, 1 ], [ 0, 0, 1, 1, 0, 1, 0, 1 ], 
  [ 1, 1, 0, 1, 0, 0, 1, 1 ], [ 1, 0, 1, 1, 1, 0, 1, 0 ], 
  [ 1, 1, 0, 1, 0, 1, 1, 1 ], [ 0, 0, 1, 1, 1, 0, 1, 0 ], 
  [ 1, 0, 0, 0, 0, 1, 0, 1 ], [ 0, 0, 0, 1, 0, 0, 1, 1 ] ]
CLASS q=2 n=4 order=12 size=41126400 M=
[ [ 0, 1, 0, 0, 0, 0, 1, 0 ], [ 0, 0, 1, 0, 0, 1, 1, 1 ], 
  [ 1, 0, 0, 1, 0, 1, 0, 1 ], [ 1, 0, 0, 0, 0, 0, 1, 1 ], 
  [ 1, 0, 0, 1, 1, 0, 1, 1 ], [ 0, 1, 0, 1, 0, 1, 1, 0 ], 
  [ 0, 1, 1, 0, 1, 1, 1, 0 ], [ 0, 0, 1, 1, 1, 1, 0, 0 ] ]
CLASS q=2 n=4 order=24 size=987033600 M=
[ [ 0, 1, 0, 1, 0, 0, 0, 1 ], [ 0, 0, 0, 1, 0, 0, 1, 0 ], 
  [ 1, 1, 0, 0, 0, 1, 1, 0 ], [ 1, 0, 1, 0, 1, 1, 0, 1 ], 
  [ 1, 0, 1, 1, 0, 1, 0, 1 ], [ 0, 1, 0, 1, 1, 1, 0, 0 ], 
  [ 1, 0, 0, 0, 1, 0, 1, 0 ], [ 1, 1, 1, 1, 1, 1, 0, 1 ] ]
CLASS q=2 n=4 order=12 size=82252800 M=
[ [ 0, 1, 0, 0, 0, 0, 1, 0 ], [ 0, 0, 1, 1, 0, 1, 1, 1 ], 
  [ 1, 1, 1, 0, 0, 0, 0, 1 ], [ 1, 0, 1, 0, 0, 1, 0, 1 ], 
  [ 1, 0, 1, 1, 1, 1, 0, 1 ], [ 1, 0, 1, 1, 1, 0, 0, 1 ], 
  [ 0, 1, 1, 0, 0, 1, 1, 0 ], [ 0, 0, 0, 1, 0, 0, 1, 0 ] ]
CLASS q=2 n=4 order=10 size=592220160 M=
[ [ 1, 1, 0, 0, 1, 0, 0, 1 ], [ 0, 0, 0, 0, 1, 1, 0, 1 ], 
  [ 1, 1, 0, 0, 0, 0, 0, 1 ], [ 1, 1, 1, 1, 0, 1, 1, 1 ], 
  [ 1, 1, 0, 0, 0, 0, 0, 0 ], [ 0, 1, 0, 0, 1, 0, 1, 1 ], 
  [ 1, 1, 1, 0, 0, 0, 0, 1 ], [ 1, 1, 0, 1, 0, 0, 0, 1 ] ]
CLASS q=2 n=4 order=20 size=1184440320 M=
[ [ 1, 0, 0, 0, 1, 0, 1, 0 ], [ 1, 0, 0, 1, 1, 1, 1, 0 ], 
  [ 0, 0, 1, 0, 1, 0, 0, 0 ], [ 0, 1, 1, 0, 1, 1, 0, 0 ], 
  [ 1, 1, 1, 0, 1, 0, 0, 1 ], [ 1, 0, 1, 0, 1, 0, 0, 0 ], 
  [ 1, 0, 1, 0, 1, 0, 1, 0 ], [ 0, 0, 0, 1, 0, 1, 0, 1 ] ]
CLASS q=2 n=4 order=6 size=54835200 M=
[ [ 1, 1, 0, 0, 1, 0, 0, 0 ], [ 0, 1, 0, 0, 0, 0, 0, 0 ], 
  [ 0, 0, 1, 0, 1, 0, 1, 0 ], [ 0, 0, 0, 1, 1, 0, 1, 0 ], 
  [ 0, 0, 1, 1, 1, 0, 1, 1 ], [ 0, 0, 0, 0, 1, 0, 1, 0 ], 
  [ 0, 1, 0, 0, 0, 1, 0, 1 ], [ 0, 1, 0, 0, 1, 1, 0, 1 ] ]
CLASS q=2 n=4 order=8 size=1480550400 M=
[ [ 1, 0, 1, 0, 1, 0, 1, 0 ], [ 0, 0, 1, 1, 1, 0, 1, 0 ], 
  [ 0, 0, 0, 0, 0, 0, 1, 0 ], [ 0, 0, 0, 1, 1, 0, 1, 1 ], 
  [ 1, 1, 1, 1, 0, 0, 1, 0 ], [ 1, 0, 0, 0, 1, 0, 0, 0 ], 
  [ 0, 1, 1, 0, 0, 1, 0, 0 ], [ 0, 1, 1, 0, 1, 1, 0, 0 ] ]
CLASS q=2 n=4 order=8 size=1480550400 M=
[ [ 0, 1, 1, 0, 1, 0, 0, 1 ], [ 1, 1, 0, 1, 1, 1, 0, 1 ], 
  [ 1, 1, 0, 1, 0, 0, 0, 1 ], [ 1, 1, 0, 0, 1, 0, 1, 1 ], 
  [ 1, 1, 0, 1, 0, 0, 0, 0 ], [ 1, 0, 0, 1, 1, 1, 1, 1 ], 
  [ 1, 1, 0, 0, 1, 1, 0, 1 ], [ 0, 1, 1, 1, 1, 1, 0, 0 ] ]
CLASS q=2 n=4 order=20 size=1184440320 M=
[ [ 1, 0, 0, 0, 1, 1, 1, 0 ], [ 1, 1, 1, 0, 0, 0, 0, 0 ], 
  [ 1, 0, 1, 1, 0, 1, 0, 1 ], [ 1, 0, 0, 1, 0, 1, 0, 1 ], 
  [ 1, 1, 0, 0, 0, 1, 1, 0 ], [ 1, 1, 0, 0, 1, 0, 0, 0 ], 
  [ 0, 0, 1, 0, 1, 0, 0, 1 ], [ 0, 0, 0, 0, 1, 0, 1, 1 ] ]
CLASS q=2 n=4 order=12 size=329011200 M=
[ [ 0, 1, 0, 1, 1, 0, 0, 0 ], [ 0, 1, 0, 0, 0, 1, 0, 1 ], 
  [ 0, 1, 1, 0, 1, 1, 1, 1 ], [ 0, 0, 1, 0, 1, 1, 1, 0 ], 
  [ 1, 1, 1, 1, 0, 0, 1, 1 ], [ 0, 1, 1, 1, 0, 1, 0, 0 ], 
  [ 1, 1, 0, 1, 0, 1, 1, 0 ], [ 1, 1, 1, 0, 0, 0, 1, 0 ] ]
CLASS q=2 n=4 order=12 size=329011200 M=
[ [ 0, 1, 0, 1, 1, 0, 1, 0 ], [ 1, 1, 1, 1, 1, 1, 0, 0 ], 
  [ 1, 1, 1, 1, 0, 0, 1, 0 ], [ 1, 0, 1, 1, 1, 0, 0, 0 ], 
  [ 0, 0, 0, 0, 0, 0, 1, 0 ], [ 0, 1, 0, 0, 0, 1, 0, 1 ], 
  [ 1, 0, 0, 1, 1, 1, 0, 0 ], [ 1, 1, 0, 0, 1, 1, 0, 0 ] ]
CLASS q=2 n=4 order=21 size=2256076800 M=
[ [ 0, 0, 0, 1, 0, 1, 1, 0 ], [ 0, 1, 0, 0, 1, 0, 1, 0 ], 
  [ 0, 1, 1, 0, 0, 1, 1, 1 ], [ 1, 1, 0, 0, 0, 1, 0, 0 ], 
  [ 1, 1, 1, 0, 0, 0, 0, 1 ], [ 1, 0, 1, 0, 1, 1, 0, 0 ], 
  [ 1, 0, 0, 1, 1, 0, 0, 1 ], [ 1, 1, 1, 1, 0, 0, 1, 1 ] ]
q=5 n=2 |PSp|=4680000 classes=34
CLASS q=5 n=2 order=1 size=1 M=[ [ 1, 0, 0, 0 ], [ 0, 1, 0, 0 ], 
  [ 0, 0, 1, 0 ], [ 0, 0, 0, 1 ] ]
CLASS q=5 n=2 order=2 size=325 M=[ [ 1, 0, 0, 3 ], [ 0, 1, 0, 0 ], 
  [ 0, 2, 4, 0 ], [ 0, 0, 0, 4 ] ]
CLASS q=5 n=2 order=3 size=13000 M=[ [ 1, 4, 0, 3 ], [ 1, 0, 0, 4 ], 
  [ 1, 1, 4, 4 ], [ 0, 0, 0, 4 ] ]
CLASS q=5 n=2 order=5 size=312 M=[ [ 1, 2, 3, 2 ], [ 0, 1, 0, 0 ], 
  [ 0, 2, 4, 2 ], [ 0, 2, 3, 3 ] ]
CLASS q=5 n=2 order=5 size=312 M=[ [ 4, 4, 1, 4 ], [ 0, 4, 0, 0 ], 
  [ 0, 4, 0, 4 ], [ 0, 4, 1, 3 ] ]
CLASS q=5 n=2 order=6 size=13000 M=[ [ 0, 4, 0, 4 ], [ 1, 4, 0, 4 ], 
  [ 1, 0, 4, 4 ], [ 0, 0, 0, 4 ] ]
CLASS q=5 n=2 order=10 size=7800 M=[ [ 4, 1, 4, 3 ], [ 0, 4, 0, 0 ], 
  [ 0, 4, 0, 1 ], [ 0, 1, 4, 2 ] ]
CLASS q=5 n=2 order=10 size=7800 M=[ [ 4, 2, 3, 4 ], [ 0, 4, 0, 0 ], 
  [ 0, 0, 4, 2 ], [ 0, 2, 3, 3 ] ]
CLASS q=5 n=2 order=15 size=156000 M=[ [ 0, 3, 1, 0 ], [ 1, 4, 0, 4 ], 
  [ 1, 2, 2, 3 ], [ 0, 4, 1, 0 ] ]
CLASS q=5 n=2 order=15 size=156000 M=[ [ 0, 3, 3, 1 ], [ 4, 1, 0, 1 ], 
  [ 4, 4, 2, 3 ], [ 0, 2, 3, 1 ] ]
CLASS q=5 n=2 order=30 size=156000 M=[ [ 4, 4, 2, 3 ], [ 4, 0, 0, 1 ], 
  [ 4, 4, 1, 4 ], [ 0, 3, 2, 2 ] ]
CLASS q=5 n=2 order=30 size=156000 M=[ [ 4, 2, 4, 1 ], [ 4, 0, 0, 1 ], 
  [ 4, 2, 3, 2 ], [ 0, 1, 4, 0 ] ]
CLASS q=5 n=2 order=13 size=360000 M=[ [ 0, 4, 0, 3 ], [ 3, 4, 4, 2 ], 
  [ 1, 0, 2, 2 ], [ 2, 3, 4, 3 ] ]
CLASS q=5 n=2 order=13 size=360000 M=[ [ 0, 2, 2, 3 ], [ 4, 0, 0, 2 ], 
  [ 4, 2, 4, 0 ], [ 1, 4, 3, 3 ] ]
CLASS q=5 n=2 order=13 size=360000 M=[ [ 3, 2, 1, 4 ], [ 4, 1, 1, 0 ], 
  [ 2, 2, 4, 4 ], [ 3, 1, 4, 4 ] ]
CLASS q=5 n=2 order=5 size=187200 M=[ [ 4, 0, 1, 4 ], [ 2, 2, 3, 0 ], 
  [ 3, 1, 3, 3 ], [ 1, 3, 1, 2 ] ]
CLASS q=5 n=2 order=5 size=187200 M=[ [ 2, 2, 3, 1 ], [ 4, 3, 0, 1 ], 
  [ 2, 3, 1, 3 ], [ 3, 1, 0, 3 ] ]
CLASS q=5 n=2 order=3 size=13000 M=[ [ 0, 0, 1, 3 ], [ 4, 1, 0, 1 ], 
  [ 4, 3, 3, 4 ], [ 0, 4, 1, 3 ] ]
CLASS q=5 n=2 order=6 size=130000 M=[ [ 1, 3, 1, 1 ], [ 1, 0, 0, 4 ], 
  [ 1, 3, 2, 2 ], [ 0, 4, 1, 2 ] ]
CLASS q=5 n=2 order=2 size=9750 M=[ [ 0, 1, 2, 4 ], [ 0, 0, 0, 3 ], 
  [ 2, 4, 0, 1 ], [ 0, 3, 0, 0 ] ]
CLASS q=5 n=2 order=6 size=195000 M=[ [ 2, 2, 3, 2 ], [ 0, 2, 3, 1 ], 
  [ 4, 4, 3, 2 ], [ 2, 0, 0, 3 ] ]
CLASS q=5 n=2 order=4 size=195000 M=[ [ 0, 0, 4, 3 ], [ 3, 2, 4, 2 ], 
  [ 3, 4, 4, 3 ], [ 1, 0, 2, 4 ] ]
CLASS q=5 n=2 order=12 size=390000 M=[ [ 2, 1, 2, 2 ], [ 1, 1, 2, 2 ], 
  [ 3, 0, 3, 2 ], [ 3, 0, 4, 3 ] ]
CLASS q=5 n=2 order=4 size=19500 M=[ [ 0, 2, 0, 1 ], [ 1, 4, 2, 3 ], 
  [ 1, 3, 3, 0 ], [ 3, 2, 4, 1 ] ]
CLASS q=5 n=2 order=12 size=390000 M=[ [ 2, 3, 2, 1 ], [ 4, 0, 2, 0 ], 
  [ 2, 2, 0, 1 ], [ 0, 4, 2, 2 ] ]
CLASS q=5 n=2 order=5 size=6240 M=[ [ 1, 1, 3, 2 ], [ 2, 1, 3, 1 ], 
  [ 4, 2, 3, 1 ], [ 3, 2, 3, 4 ] ]
CLASS q=5 n=2 order=15 size=312000 M=[ [ 2, 2, 2, 3 ], [ 4, 1, 4, 2 ], 
  [ 1, 1, 3, 2 ], [ 2, 4, 1, 2 ] ]
CLASS q=5 n=2 order=20 size=234000 M=[ [ 3, 1, 0, 0 ], [ 1, 4, 0, 4 ], 
  [ 1, 2, 2, 2 ], [ 0, 0, 0, 3 ] ]
CLASS q=5 n=2 order=20 size=234000 M=[ [ 0, 3, 0, 2 ], [ 3, 3, 0, 2 ], 
  [ 3, 0, 3, 4 ], [ 0, 0, 0, 2 ] ]
CLASS q=5 n=2 order=5 size=9360 M=[ [ 2, 0, 3, 1 ], [ 3, 0, 0, 2 ], 
  [ 3, 1, 4, 4 ], [ 0, 2, 3, 3 ] ]
CLASS q=5 n=2 order=10 size=46800 M=[ [ 4, 2, 3, 4 ], [ 1, 0, 2, 2 ], 
  [ 4, 4, 2, 0 ], [ 3, 0, 4, 4 ] ]
CLASS q=5 n=2 order=10 size=46800 M=[ [ 4, 1, 3, 2 ], [ 3, 2, 3, 4 ], 
  [ 0, 2, 4, 0 ], [ 2, 4, 2, 0 ] ]
CLASS q=5 n=2 order=10 size=93600 M=[ [ 0, 4, 3, 1 ], [ 1, 1, 3, 1 ], 
  [ 3, 1, 4, 2 ], [ 2, 4, 2, 0 ] ]
CLASS q=5 n=2 order=10 size=234000 M=[ [ 4, 4, 0, 2 ], [ 0, 4, 0, 1 ], 
  [ 2, 3, 2, 4 ], [ 1, 4, 1, 0 ] ]
