factorisations=110565 rank=20
SUB 1 [ [ 2, 0, 0 ], [ 0, 2, 0 ], [ 0, 0, 2 ] ]
SUB 96 [ [ 0, 1, 2 ], [ 2, 0, 0 ], [ 0, 2, 1 ] ]
SUB 4608 [ [ 2, 1, 1 ], [ 0, 2, 1 ], [ 1, 1, 2 ] ]
SUB 6912 [ [ 2, 1, 1 ], [ 1, 2, 1 ], [ 1, 1, 2 ] ]
SUB 6912 [ [ 2, 1, 1 ], [ 1, 2, 1 ], [ 1, 1, 2 ] ]
SUB 6912 [ [ 3, 1, 3 ], [ 1, 2, 1 ], [ 3, 1, 3 ] ]
SUB 256 [ [ 1, 1, 2 ], [ 2, 1, 1 ], [ 1, 2, 1 ] ]
SUB 6912 [ [ 1, 3, 3 ], [ 1, 3, 3 ], [ 2, 1, 1 ] ]
SUB 6912 [ [ 3, 2, 2 ], [ 1, 3, 3 ], [ 3, 2, 2 ] ]
SUB 256 [ [ 1, 1, 2 ], [ 2, 1, 1 ], [ 1, 2, 1 ] ]
SUB 6912 [ [ 3, 3, 1 ], [ 1, 3, 3 ], [ 3, 1, 3 ] ]
SUB 41472 [ [ 3, 2, 2 ], [ 1, 1, 2 ], [ 3, 1, 3 ] ]
SUB 10368 [ [ 2, 1, 1 ], [ 3, 2, 2 ], [ 2, 1, 1 ] ]
SUB 2304 [ [ 1, 3, 3 ], [ 1, 3, 3 ], [ 2, 0, 1 ] ]
SUB 2304 [ [ 2, 1, 1 ], [ 1, 3, 3 ], [ 0, 3, 3 ] ]
SUB 2304 [ [ 1, 2, 1 ], [ 1, 1, 2 ], [ 2, 1, 1 ] ]
SUB 3456 [ [ 3, 2, 2 ], [ 2, 3, 2 ], [ 2, 2, 3 ] ]
SUB 36 [ [ 0, 3, 3 ], [ 0, 3, 3 ], [ 2, 0, 0 ] ]
SUB 768 [ [ 2, 1, 1 ], [ 1, 2, 0 ], [ 1, 0, 2 ] ]
SUB 864 [ [ 3, 2, 2 ], [ 0, 3, 3 ], [ 3, 2, 2 ] ]
