BASISCHECK n=4 [ [ 0, 1, 0, 0, 0, 0, 0, 0 ], [ 2, 0, 0, 0, 0, 0, 0, 0 ], 
  [ 0, 0, 0, 1, 0, 0, 0, 0 ], [ 0, 0, 2, 0, 0, 0, 0, 0 ], 
  [ 0, 0, 0, 0, 0, 1, 0, 0 ], [ 0, 0, 0, 0, 2, 0, 0, 0 ], 
  [ 0, 0, 0, 0, 0, 0, 0, 1 ], [ 0, 0, 0, 0, 0, 0, 2, 0 ] ]
n=4 |PSp|=65784756654489600 classes=278
CLASS n=4 order=1 size=1 fixed=-1 real=true M=
[ [ 1, 0, 0, 0, 0, 0, 0, 0 ], [ 0, 1, 0, 0, 0, 0, 0, 0 ], 
  [ 0, 0, 1, 0, 0, 0, 0, 0 ], [ 0, 0, 0, 1, 0, 0, 0, 0 ], 
  [ 0, 0, 0, 0, 1, 0, 0, 0 ], [ 0, 0, 0, 0, 0, 1, 0, 0 ], 
  [ 0, 0, 0, 0, 0, 0, 1, 0 ], [ 0, 0, 0, 0, 0, 0, 0, 1 ] ]
CLASS n=4 order=3 size=3280 fixed=-1 real=false M=
[ [ 0, 1, 2, 0, 2, 0, 1, 0 ], [ 2, 2, 2, 0, 2, 0, 1, 0 ], 
  [ 0, 0, 1, 0, 0, 0, 0, 0 ], [ 2, 1, 2, 1, 2, 0, 1, 0 ], 
  [ 0, 0, 0, 0, 1, 0, 0, 0 ], [ 2, 1, 2, 0, 2, 1, 1, 0 ], 
  [ 0, 0, 0, 0, 0, 0, 1, 0 ], [ 1, 2, 1, 0, 1, 0, 2, 1 ] ]
CLASS n=4 order=3 size=3280 fixed=-1 real=false M=
[ [ 2, 2, 1, 0, 1, 0, 2, 0 ], [ 1, 0, 1, 0, 1, 0, 2, 0 ], 
  [ 0, 0, 1, 0, 0, 0, 0, 0 ], [ 1, 2, 1, 1, 1, 0, 2, 0 ], 
  [ 0, 0, 0, 0, 1, 0, 0, 0 ], [ 1, 2, 1, 0, 1, 1, 2, 0 ], 
  [ 0, 0, 0, 0, 0, 0, 1, 0 ], [ 2, 1, 2, 0, 2, 0, 1, 1 ] ]
CLASS n=4 order=13 size=210848579020800 fixed=-1 real=true M=
[ [ 2, 2, 0, 2, 2, 2, 2, 1 ], [ 1, 2, 1, 1, 2, 1, 2, 1 ], 
  [ 2, 1, 0, 0, 1, 2, 1, 2 ], [ 0, 1, 1, 2, 1, 0, 2, 2 ], 
  [ 1, 2, 1, 1, 0, 1, 0, 2 ], [ 1, 0, 2, 2, 2, 2, 2, 1 ], 
  [ 0, 1, 2, 2, 0, 1, 2, 1 ], [ 1, 0, 2, 2, 2, 0, 1, 1 ] ]
CLASS n=4 order=13 size=210848579020800 fixed=-1 real=true M=
[ [ 0, 0, 1, 0, 2, 0, 2, 1 ], [ 0, 0, 2, 0, 0, 2, 0, 0 ], 
  [ 1, 2, 0, 2, 2, 0, 0, 2 ], [ 1, 0, 2, 1, 1, 2, 0, 2 ], 
  [ 2, 0, 0, 0, 0, 1, 2, 0 ], [ 2, 1, 1, 2, 2, 2, 1, 2 ], 
  [ 1, 1, 0, 2, 2, 2, 0, 0 ], [ 2, 0, 2, 1, 1, 0, 2, 2 ] ]
CLASS n=4 order=39 size=843394316083200 fixed=-1 real=false M=
[ [ 0, 0, 0, 2, 1, 0, 2, 0 ], [ 1, 1, 2, 1, 1, 2, 2, 0 ], 
  [ 2, 0, 1, 2, 0, 0, 0, 1 ], [ 0, 0, 2, 1, 2, 2, 2, 1 ], 
  [ 2, 0, 0, 1, 0, 2, 1, 2 ], [ 2, 1, 1, 0, 0, 2, 0, 0 ], 
  [ 1, 1, 0, 1, 1, 0, 0, 0 ], [ 1, 0, 0, 0, 1, 2, 0, 2 ] ]
CLASS n=4 order=39 size=843394316083200 fixed=-1 real=false M=
[ [ 2, 1, 2, 1, 1, 0, 2, 0 ], [ 1, 0, 0, 2, 1, 1, 2, 0 ], 
  [ 1, 0, 2, 1, 0, 0, 0, 2 ], [ 2, 1, 0, 2, 0, 1, 2, 2 ], 
  [ 1, 0, 0, 2, 0, 1, 2, 1 ], [ 0, 0, 1, 0, 2, 1, 1, 0 ], 
  [ 2, 2, 0, 2, 2, 0, 0, 0 ], [ 0, 2, 1, 0, 0, 1, 2, 1 ] ]
CLASS n=4 order=39 size=843394316083200 fixed=-1 real=false M=
[ [ 2, 1, 2, 2, 1, 0, 1, 1 ], [ 2, 1, 0, 2, 1, 1, 0, 2 ], 
  [ 0, 0, 2, 2, 1, 0, 2, 2 ], [ 1, 0, 1, 0, 0, 0, 0, 0 ], 
  [ 1, 0, 1, 0, 1, 1, 0, 2 ], [ 2, 2, 0, 1, 1, 0, 2, 1 ], 
  [ 0, 1, 1, 2, 1, 0, 1, 0 ], [ 1, 0, 1, 0, 2, 1, 1, 0 ] ]
CLASS n=4 order=39 size=843394316083200 fixed=-1 real=false M=
[ [ 2, 1, 2, 1, 0, 0, 1, 2 ], [ 2, 1, 1, 1, 0, 2, 2, 1 ], 
  [ 0, 0, 1, 1, 2, 0, 1, 1 ], [ 0, 2, 0, 0, 1, 0, 2, 0 ], 
  [ 2, 0, 2, 0, 2, 2, 0, 1 ], [ 2, 0, 1, 2, 0, 0, 0, 2 ], 
  [ 0, 2, 2, 1, 2, 0, 2, 0 ], [ 1, 1, 1, 0, 0, 2, 0, 0 ] ]
CLASS n=4 order=2 size=597780 fixed=-1 real=true M=
[ [ 0, 0, 2, 0, 2, 0, 2, 1 ], [ 0, 0, 0, 0, 0, 0, 1, 1 ], 
  [ 0, 0, 1, 0, 0, 0, 0, 0 ], [ 0, 2, 0, 1, 0, 0, 1, 1 ], 
  [ 0, 0, 0, 0, 1, 0, 0, 0 ], [ 0, 2, 0, 0, 0, 1, 1, 1 ], 
  [ 1, 2, 1, 0, 1, 0, 0, 0 ], [ 2, 2, 2, 0, 2, 0, 0, 0 ] ]
CLASS n=4 order=6 size=2391120 fixed=-1 real=false M=
[ [ 2, 1, 0, 0, 0, 0, 2, 2 ], [ 2, 1, 2, 0, 2, 0, 0, 2 ], 
  [ 0, 0, 2, 0, 0, 0, 0, 0 ], [ 2, 2, 2, 2, 2, 0, 0, 2 ], 
  [ 0, 0, 0, 0, 2, 0, 0, 0 ], [ 2, 2, 2, 0, 2, 2, 0, 2 ], 
  [ 2, 1, 2, 0, 2, 0, 0, 0 ], [ 2, 0, 2, 0, 2, 0, 2, 0 ] ]
CLASS n=4 order=6 size=2391120 fixed=-1 real=false M=
[ [ 1, 2, 2, 0, 2, 0, 0, 2 ], [ 1, 2, 1, 0, 1, 0, 1, 2 ], 
  [ 0, 0, 2, 0, 0, 0, 0, 0 ], [ 1, 0, 1, 2, 1, 0, 1, 2 ], 
  [ 0, 0, 0, 0, 2, 0, 0, 0 ], [ 1, 0, 1, 0, 1, 2, 1, 2 ], 
  [ 2, 1, 2, 0, 2, 0, 0, 0 ], [ 0, 2, 0, 0, 0, 0, 1, 0 ] ]
CLASS n=4 order=26 size=210848579020800 fixed=-1 real=true M=
[ [ 1, 0, 2, 2, 1, 2, 1, 1 ], [ 1, 1, 2, 2, 0, 1, 2, 1 ], 
  [ 2, 2, 1, 1, 0, 0, 1, 2 ], [ 2, 1, 1, 1, 2, 2, 1, 2 ], 
  [ 1, 2, 2, 1, 0, 1, 0, 2 ], [ 0, 0, 1, 1, 0, 0, 0, 0 ], 
  [ 2, 1, 2, 2, 0, 2, 1, 1 ], [ 2, 2, 0, 0, 0, 2, 2, 1 ] ]
CLASS n=4 order=26 size=210848579020800 fixed=-1 real=true M=
[ [ 1, 2, 2, 2, 1, 2, 1, 2 ], [ 1, 1, 1, 1, 2, 1, 0, 2 ], 
  [ 2, 1, 0, 0, 1, 2, 1, 2 ], [ 0, 0, 1, 2, 1, 0, 0, 0 ], 
  [ 1, 2, 1, 1, 0, 1, 0, 2 ], [ 1, 2, 2, 2, 2, 2, 0, 2 ], 
  [ 1, 0, 0, 2, 1, 1, 1, 1 ], [ 0, 2, 1, 2, 1, 0, 1, 0 ] ]
CLASS n=4 order=78 size=843394316083200 fixed=-1 real=false M=
[ [ 2, 1, 0, 0, 0, 1, 0, 2 ], [ 0, 0, 1, 1, 2, 0, 0, 2 ], 
  [ 1, 2, 2, 2, 0, 0, 0, 2 ], [ 0, 2, 1, 0, 2, 0, 1, 0 ], 
  [ 0, 1, 0, 1, 2, 1, 0, 0 ], [ 1, 2, 1, 2, 1, 2, 1, 2 ], 
  [ 1, 0, 2, 2, 1, 2, 2, 2 ], [ 0, 0, 0, 2, 2, 1, 2, 2 ] ]
CLASS n=4 order=78 size=843394316083200 fixed=-1 real=false M=
[ [ 0, 0, 2, 0, 2, 2, 1, 1 ], [ 2, 1, 1, 2, 0, 0, 1, 1 ], 
  [ 2, 1, 1, 1, 0, 0, 0, 1 ], [ 2, 2, 1, 0, 0, 0, 0, 0 ], 
  [ 0, 2, 0, 2, 1, 2, 0, 0 ], [ 1, 2, 1, 1, 1, 1, 0, 1 ], 
  [ 2, 0, 1, 1, 2, 1, 1, 1 ], [ 1, 2, 1, 1, 2, 2, 0, 1 ] ]
CLASS n=4 order=78 size=843394316083200 fixed=-1 real=false M=
[ [ 1, 1, 1, 1, 0, 0, 1, 1 ], [ 1, 2, 0, 2, 1, 1, 0, 1 ], 
  [ 1, 0, 2, 1, 0, 0, 0, 2 ], [ 2, 0, 0, 2, 0, 1, 0, 0 ], 
  [ 1, 0, 0, 2, 0, 1, 2, 1 ], [ 0, 2, 1, 0, 2, 1, 2, 1 ], 
  [ 0, 1, 1, 2, 0, 0, 2, 0 ], [ 2, 1, 0, 0, 2, 1, 2, 0 ] ]
CLASS n=4 order=78 size=843394316083200 fixed=-1 real=false M=
[ [ 2, 0, 2, 1, 1, 0, 0, 1 ], [ 2, 1, 1, 2, 2, 1, 2, 1 ], 
  [ 1, 0, 2, 1, 0, 0, 0, 2 ], [ 0, 2, 1, 2, 1, 1, 2, 0 ], 
  [ 1, 0, 0, 2, 0, 1, 2, 1 ], [ 1, 1, 2, 0, 0, 1, 1, 1 ], 
  [ 0, 1, 1, 2, 0, 0, 2, 0 ], [ 1, 2, 2, 0, 1, 1, 0, 0 ] ]
CLASS n=4 order=4 size=3586680 fixed=-1 real=true M=
[ [ 0, 1, 1, 0, 1, 0, 0, 1 ], [ 1, 2, 1, 0, 1, 0, 1, 2 ], 
  [ 0, 0, 2, 0, 0, 0, 0, 0 ], [ 1, 0, 1, 2, 1, 0, 1, 2 ], 
  [ 0, 0, 0, 0, 2, 0, 0, 0 ], [ 1, 0, 1, 0, 1, 2, 1, 2 ], 
  [ 0, 2, 0, 0, 0, 0, 0, 1 ], [ 2, 1, 2, 0, 2, 0, 1, 2 ] ]
CLASS n=4 order=52 size=1265091474124800 fixed=-1 real=true M=
[ [ 0, 1, 0, 1, 2, 0, 0, 2 ], [ 2, 1, 1, 2, 2, 1, 2, 1 ], 
  [ 1, 0, 2, 1, 0, 0, 0, 2 ], [ 0, 2, 1, 2, 1, 1, 2, 0 ], 
  [ 1, 0, 0, 2, 0, 1, 2, 1 ], [ 1, 1, 2, 0, 0, 1, 1, 1 ], 
  [ 2, 0, 0, 2, 2, 0, 2, 2 ], [ 2, 0, 0, 0, 2, 1, 0, 1 ] ]
CLASS n=4 order=52 size=1265091474124800 fixed=-1 real=true M=
[ [ 1, 1, 1, 1, 2, 0, 0, 0 ], [ 1, 0, 0, 1, 2, 2, 2, 0 ], 
  [ 0, 0, 1, 1, 2, 0, 1, 1 ], [ 2, 1, 2, 0, 0, 0, 2, 2 ], 
  [ 2, 0, 2, 0, 2, 2, 0, 1 ], [ 1, 2, 0, 2, 2, 0, 0, 1 ], 
  [ 0, 1, 2, 1, 2, 0, 0, 1 ], [ 2, 0, 2, 0, 1, 2, 2, 0 ] ]
CLASS n=4 order=2 size=24479091 fixed=-1 real=true M=
[ [ 2, 0, 0, 0, 2, 1, 1, 1 ], [ 0, 2, 1, 2, 0, 0, 2, 2 ], 
  [ 2, 0, 2, 0, 0, 1, 2, 0 ], [ 2, 0, 0, 2, 0, 1, 2, 0 ], 
  [ 0, 2, 1, 2, 1, 0, 1, 1 ], [ 0, 2, 0, 0, 0, 1, 1, 1 ], 
  [ 2, 2, 0, 0, 1, 2, 1, 0 ], [ 1, 1, 1, 2, 2, 1, 0, 1 ] ]
CLASS n=4 order=6 size=1958327280 fixed=-1 real=false M=
[ [ 1, 1, 0, 0, 2, 2, 0, 0 ], [ 0, 1, 2, 1, 0, 0, 1, 1 ], 
  [ 1, 0, 1, 0, 0, 2, 1, 0 ], [ 1, 0, 0, 1, 0, 2, 1, 0 ], 
  [ 0, 1, 2, 1, 2, 0, 2, 2 ], [ 0, 0, 0, 0, 2, 2, 1, 1 ], 
  [ 1, 2, 0, 0, 0, 1, 0, 1 ], [ 2, 1, 2, 1, 0, 2, 2, 1 ] ]
CLASS n=4 order=6 size=1958327280 fixed=-1 real=false M=
[ [ 2, 1, 0, 0, 0, 1, 2, 2 ], [ 0, 2, 1, 2, 0, 0, 2, 2 ], 
  [ 2, 0, 2, 0, 0, 1, 2, 0 ], [ 2, 0, 0, 2, 0, 1, 2, 0 ], 
  [ 0, 2, 1, 2, 1, 0, 1, 1 ], [ 0, 1, 0, 0, 2, 1, 0, 0 ], 
  [ 2, 0, 0, 0, 2, 2, 2, 1 ], [ 1, 0, 1, 2, 1, 1, 2, 0 ] ]
CLASS n=4 order=9 size=835552972800 fixed=-1 real=false M=
[ [ 2, 0, 1, 0, 1, 0, 2, 0 ], [ 0, 1, 1, 1, 0, 2, 0, 1 ], 
  [ 2, 2, 0, 1, 0, 1, 2, 0 ], [ 1, 1, 1, 2, 2, 1, 2, 2 ], 
  [ 1, 1, 2, 1, 2, 2, 0, 2 ], [ 2, 2, 0, 2, 2, 1, 2, 1 ], 
  [ 0, 2, 0, 1, 1, 1, 2, 0 ], [ 2, 0, 0, 0, 1, 1, 2, 1 ] ]
CLASS n=4 order=9 size=835552972800 fixed=-1 real=false M=
[ [ 1, 1, 1, 1, 0, 2, 1, 2 ], [ 0, 2, 2, 2, 1, 1, 1, 0 ], 
  [ 1, 0, 2, 2, 2, 2, 0, 2 ], [ 2, 1, 2, 0, 0, 2, 0, 0 ], 
  [ 2, 0, 1, 2, 1, 1, 1, 2 ], [ 0, 0, 1, 0, 0, 2, 1, 0 ], 
  [ 1, 1, 2, 0, 2, 1, 2, 1 ], [ 0, 1, 1, 2, 0, 0, 0, 1 ] ]
CLASS n=4 order=18 size=67679790796800 fixed=-1 real=false M=
[ [ 2, 1, 1, 1, 1, 0, 1, 1 ], [ 2, 2, 2, 2, 1, 2, 0, 0 ], 
  [ 0, 2, 1, 0, 1, 0, 2, 2 ], [ 1, 0, 1, 1, 2, 0, 2, 0 ], 
  [ 1, 1, 1, 2, 2, 2, 1, 0 ], [ 2, 1, 1, 0, 0, 1, 2, 2 ], 
  [ 1, 1, 1, 1, 0, 0, 2, 1 ], [ 2, 1, 2, 1, 2, 2, 2, 1 ] ]
CLASS n=4 order=18 size=67679790796800 fixed=-1 real=false M=
[ [ 1, 0, 0, 2, 1, 1, 1, 0 ], [ 2, 1, 1, 0, 2, 2, 2, 2 ], 
  [ 1, 1, 2, 0, 0, 2, 2, 1 ], [ 2, 2, 1, 2, 1, 2, 2, 2 ], 
  [ 1, 0, 0, 0, 2, 2, 1, 0 ], [ 1, 0, 2, 2, 1, 1, 0, 1 ], 
  [ 0, 0, 0, 2, 0, 0, 1, 0 ], [ 0, 0, 2, 1, 0, 2, 0, 2 ] ]
CLASS n=4 order=6 size=217591920 fixed=-1 real=false M=
[ [ 2, 2, 0, 1, 1, 2, 2, 0 ], [ 0, 2, 0, 0, 0, 0, 0, 0 ], 
  [ 0, 2, 0, 0, 2, 2, 1, 2 ], [ 0, 0, 0, 0, 2, 2, 0, 1 ], 
  [ 0, 1, 2, 1, 2, 0, 2, 2 ], [ 0, 0, 1, 2, 1, 2, 2, 2 ], 
  [ 0, 1, 1, 1, 0, 1, 2, 2 ], [ 0, 1, 0, 1, 0, 2, 1, 1 ] ]
CLASS n=4 order=6 size=217591920 fixed=-1 real=false M=
[ [ 2, 1, 0, 1, 0, 2, 1, 2 ], [ 0, 2, 0, 0, 0, 0, 0, 0 ], 
  [ 0, 2, 0, 0, 2, 2, 1, 2 ], [ 0, 0, 0, 0, 2, 2, 0, 1 ], 
  [ 0, 1, 2, 1, 2, 0, 2, 2 ], [ 0, 1, 1, 2, 2, 2, 0, 0 ], 
  [ 0, 0, 1, 1, 2, 1, 1, 1 ], [ 0, 2, 0, 1, 1, 2, 2, 2 ] ]
CLASS n=4 order=9 size=417776486400 fixed=-1 real=false M=
[ [ 2, 2, 0, 1, 1, 1, 1, 0 ], [ 0, 1, 1, 1, 2, 2, 2, 0 ], 
  [ 2, 2, 2, 0, 1, 1, 1, 2 ], [ 1, 1, 2, 2, 0, 1, 1, 1 ], 
  [ 1, 0, 2, 1, 2, 2, 2, 1 ], [ 0, 2, 2, 0, 2, 1, 1, 2 ], 
  [ 2, 1, 0, 1, 2, 2, 1, 2 ], [ 0, 0, 0, 0, 2, 0, 0, 2 ] ]
CLASS n=4 order=9 size=417776486400 fixed=-1 real=false M=
[ [ 1, 2, 1, 1, 0, 0, 1, 0 ], [ 0, 2, 2, 2, 0, 1, 0, 2 ], 
  [ 1, 2, 2, 0, 0, 2, 0, 2 ], [ 2, 0, 1, 2, 1, 2, 0, 0 ], 
  [ 2, 2, 1, 2, 1, 1, 0, 1 ], [ 1, 0, 0, 1, 0, 2, 0, 1 ], 
  [ 0, 1, 1, 1, 0, 2, 0, 2 ], [ 1, 0, 2, 1, 1, 2, 2, 0 ] ]
CLASS n=4 order=18 size=22559930265600 fixed=-1 real=false M=
[ [ 1, 2, 2, 1, 0, 2, 0, 0 ], [ 0, 2, 2, 2, 0, 1, 0, 2 ], 
  [ 1, 0, 1, 2, 2, 1, 2, 2 ], [ 2, 2, 2, 2, 0, 1, 1, 2 ], 
  [ 2, 0, 0, 0, 1, 1, 2, 0 ], [ 1, 1, 1, 0, 2, 2, 0, 1 ], 
  [ 0, 2, 1, 0, 2, 0, 1, 2 ], [ 1, 1, 0, 1, 2, 1, 2, 1 ] ]
CLASS n=4 order=18 size=22559930265600 fixed=-1 real=false M=
[ [ 2, 0, 2, 0, 0, 0, 0, 0 ], [ 0, 1, 1, 1, 2, 2, 2, 0 ], 
  [ 2, 2, 2, 1, 0, 0, 1, 0 ], [ 1, 2, 1, 1, 2, 0, 0, 1 ], 
  [ 1, 1, 1, 2, 2, 2, 1, 0 ], [ 0, 1, 0, 2, 2, 1, 2, 0 ], 
  [ 2, 2, 2, 1, 0, 0, 0, 0 ], [ 0, 1, 2, 2, 1, 2, 2, 2 ] ]
CLASS n=4 order=3 size=139258828800 fixed=-1 real=false M=
[ [ 0, 0, 1, 2, 1, 1, 0, 1 ], [ 1, 1, 0, 2, 0, 1, 2, 2 ], 
  [ 1, 0, 1, 1, 2, 0, 0, 1 ], [ 0, 0, 1, 1, 2, 1, 1, 0 ], 
  [ 2, 0, 2, 0, 1, 0, 1, 0 ], [ 1, 2, 1, 2, 0, 0, 0, 2 ], 
  [ 0, 2, 1, 0, 2, 1, 0, 1 ], [ 0, 1, 0, 1, 1, 1, 1, 1 ] ]
CLASS n=4 order=3 size=139258828800 fixed=-1 real=false M=
[ [ 2, 0, 0, 0, 1, 0, 2, 2 ], [ 1, 0, 0, 2, 1, 1, 0, 0 ], 
  [ 1, 2, 2, 1, 1, 0, 2, 0 ], [ 0, 2, 1, 2, 1, 1, 0, 2 ], 
  [ 2, 1, 2, 0, 0, 0, 2, 1 ], [ 0, 2, 2, 1, 0, 2, 1, 1 ], 
  [ 1, 1, 0, 1, 1, 0, 2, 1 ], [ 2, 0, 1, 0, 0, 2, 1, 0 ] ]
CLASS n=4 order=6 size=11279965132800 fixed=-1 real=false M=
[ [ 2, 0, 2, 0, 2, 0, 1, 0 ], [ 2, 2, 0, 0, 1, 1, 1, 1 ], 
  [ 2, 0, 0, 1, 2, 1, 0, 2 ], [ 0, 0, 0, 2, 1, 1, 0, 0 ], 
  [ 0, 0, 0, 2, 2, 2, 1, 1 ], [ 0, 1, 0, 0, 2, 2, 2, 0 ], 
  [ 1, 1, 2, 0, 2, 0, 2, 1 ], [ 1, 1, 0, 2, 2, 2, 2, 2 ] ]
CLASS n=4 order=6 size=11279965132800 fixed=-1 real=false M=
[ [ 1, 0, 0, 0, 2, 0, 2, 1 ], [ 2, 1, 0, 1, 0, 0, 1, 2 ], 
  [ 0, 0, 1, 1, 0, 2, 1, 0 ], [ 0, 1, 0, 0, 0, 0, 0, 1 ], 
  [ 2, 0, 2, 1, 1, 2, 1, 0 ], [ 1, 1, 1, 1, 2, 1, 2, 1 ], 
  [ 2, 0, 0, 2, 0, 1, 1, 1 ], [ 1, 2, 0, 0, 2, 2, 2, 1 ] ]
CLASS n=4 order=18 size=22559930265600 fixed=-1 real=false M=
[ [ 1, 2, 1, 1, 1, 0, 0, 0 ], [ 0, 1, 0, 1, 0, 2, 2, 2 ], 
  [ 0, 1, 2, 0, 2, 1, 1, 1 ], [ 0, 0, 1, 1, 2, 0, 2, 0 ], 
  [ 1, 2, 2, 0, 0, 2, 2, 2 ], [ 0, 0, 0, 2, 1, 1, 0, 1 ], 
  [ 1, 0, 1, 0, 0, 0, 1, 2 ], [ 2, 0, 2, 0, 2, 0, 0, 1 ] ]
CLASS n=4 order=18 size=22559930265600 fixed=-1 real=false M=
[ [ 2, 2, 0, 1, 0, 2, 0, 0 ], [ 2, 2, 1, 0, 2, 1, 1, 1 ], 
  [ 2, 1, 2, 0, 1, 0, 0, 0 ], [ 1, 2, 0, 1, 1, 2, 0, 0 ], 
  [ 2, 0, 2, 1, 0, 0, 1, 1 ], [ 2, 2, 0, 1, 0, 2, 1, 2 ], 
  [ 2, 0, 2, 1, 0, 0, 0, 0 ], [ 1, 0, 0, 2, 2, 0, 2, 1 ] ]
CLASS n=4 order=9 size=69629414400 fixed=-1 real=false M=
[ [ 2, 2, 0, 0, 1, 2, 2, 2 ], [ 1, 1, 1, 0, 0, 1, 0, 0 ], 
  [ 1, 0, 1, 2, 1, 2, 0, 1 ], [ 1, 1, 0, 2, 2, 1, 2, 2 ], 
  [ 0, 0, 1, 1, 1, 1, 1, 0 ], [ 2, 1, 0, 0, 2, 0, 0, 0 ], 
  [ 2, 0, 2, 0, 1, 1, 1, 2 ], [ 0, 0, 2, 1, 1, 0, 1, 2 ] ]
CLASS n=4 order=9 size=69629414400 fixed=-1 real=false M=
[ [ 1, 1, 1, 0, 1, 0, 0, 0 ], [ 0, 2, 1, 1, 2, 1, 1, 0 ], 
  [ 0, 0, 2, 1, 0, 2, 1, 0 ], [ 1, 0, 1, 1, 2, 0, 0, 1 ], 
  [ 0, 1, 2, 1, 2, 1, 2, 1 ], [ 1, 1, 0, 1, 2, 2, 0, 2 ], 
  [ 2, 1, 0, 2, 2, 2, 1, 0 ], [ 1, 2, 0, 0, 1, 2, 0, 2 ] ]
CLASS n=4 order=18 size=5639982566400 fixed=-1 real=false M=
[ [ 2, 0, 2, 1, 2, 1, 2, 1 ], [ 1, 0, 1, 1, 1, 1, 1, 0 ], 
  [ 0, 1, 1, 0, 0, 2, 1, 1 ], [ 1, 1, 0, 0, 1, 1, 1, 2 ], 
  [ 0, 2, 1, 2, 0, 1, 1, 2 ], [ 2, 0, 0, 0, 2, 0, 2, 2 ], 
  [ 0, 1, 1, 0, 1, 0, 2, 1 ], [ 0, 1, 2, 0, 2, 1, 1, 2 ] ]
CLASS n=4 order=18 size=5639982566400 fixed=-1 real=false M=
[ [ 0, 0, 2, 1, 0, 2, 2, 1 ], [ 0, 1, 2, 0, 1, 2, 2, 2 ], 
  [ 2, 1, 0, 0, 0, 2, 0, 0 ], [ 2, 1, 2, 2, 1, 0, 0, 0 ], 
  [ 0, 1, 1, 2, 1, 2, 0, 1 ], [ 0, 1, 2, 0, 1, 2, 1, 1 ], 
  [ 1, 1, 0, 1, 2, 0, 2, 2 ], [ 0, 1, 2, 2, 1, 1, 0, 0 ] ]
CLASS n=4 order=9 size=69629414400 fixed=-1 real=false M=
[ [ 2, 0, 0, 2, 0, 1, 2, 0 ], [ 2, 1, 2, 0, 2, 0, 1, 1 ], 
  [ 1, 2, 1, 0, 2, 0, 0, 0 ], [ 2, 1, 0, 2, 2, 1, 0, 0 ], 
  [ 1, 2, 1, 2, 2, 2, 2, 0 ], [ 1, 2, 0, 2, 1, 2, 2, 0 ], 
  [ 1, 1, 1, 2, 1, 1, 0, 2 ], [ 1, 0, 0, 1, 0, 2, 2, 0 ] ]
CLASS n=4 order=9 size=69629414400 fixed=-1 real=false M=
[ [ 2, 0, 2, 2, 1, 2, 0, 1 ], [ 0, 1, 1, 2, 2, 0, 2, 0 ], 
  [ 0, 2, 1, 0, 1, 2, 2, 2 ], [ 1, 0, 1, 2, 2, 1, 2, 1 ], 
  [ 2, 1, 0, 0, 0, 1, 0, 0 ], [ 0, 0, 1, 1, 2, 2, 1, 0 ], 
  [ 1, 0, 1, 0, 2, 2, 2, 1 ], [ 2, 1, 2, 0, 0, 2, 0, 1 ] ]
CLASS n=4 order=18 size=5639982566400 fixed=-1 real=false M=
[ [ 0, 0, 0, 2, 2, 0, 0, 1 ], [ 1, 2, 2, 2, 1, 2, 2, 2 ], 
  [ 0, 2, 1, 0, 1, 2, 2, 2 ], [ 1, 1, 2, 2, 0, 2, 0, 1 ], 
  [ 2, 0, 0, 0, 2, 0, 0, 1 ], [ 0, 1, 1, 1, 0, 0, 1, 2 ], 
  [ 1, 0, 0, 0, 2, 2, 1, 0 ], [ 1, 1, 2, 0, 2, 1, 1, 2 ] ]
CLASS n=4 order=18 size=5639982566400 fixed=-1 real=false M=
[ [ 2, 0, 1, 1, 1, 0, 1, 0 ], [ 1, 0, 0, 0, 2, 1, 1, 0 ], 
  [ 2, 1, 2, 0, 1, 0, 0, 0 ], [ 2, 0, 0, 1, 0, 1, 2, 1 ], 
  [ 0, 0, 1, 1, 1, 1, 2, 2 ], [ 1, 2, 1, 1, 2, 1, 0, 1 ], 
  [ 0, 2, 0, 1, 0, 0, 0, 1 ], [ 0, 0, 1, 2, 1, 2, 1, 0 ] ]
CLASS n=4 order=3 size=214905600 fixed=-1 real=false M=
[ [ 2, 2, 2, 2, 0, 0, 0, 1 ], [ 2, 0, 2, 0, 2, 0, 0, 2 ], 
  [ 0, 2, 2, 2, 0, 0, 1, 1 ], [ 2, 1, 0, 0, 2, 0, 1, 0 ], 
  [ 0, 0, 0, 0, 1, 0, 0, 0 ], [ 2, 0, 2, 0, 0, 1, 1, 0 ], 
  [ 1, 1, 0, 1, 0, 0, 2, 2 ], [ 0, 0, 1, 2, 1, 0, 2, 0 ] ]
CLASS n=4 order=3 size=214905600 fixed=-1 real=false M=
[ [ 0, 2, 2, 2, 0, 0, 0, 1 ], [ 2, 1, 2, 0, 2, 0, 0, 2 ], 
  [ 0, 2, 0, 2, 0, 0, 1, 1 ], [ 2, 1, 0, 1, 2, 0, 1, 0 ], 
  [ 0, 0, 0, 0, 2, 0, 0, 0 ], [ 2, 0, 2, 0, 0, 2, 1, 0 ], 
  [ 1, 1, 0, 1, 0, 0, 0, 2 ], [ 0, 0, 1, 2, 1, 0, 2, 1 ] ]
CLASS n=4 order=6 size=52222060800 fixed=-1 real=false M=
[ [ 0, 0, 0, 1, 0, 0, 2, 0 ], [ 1, 2, 0, 1, 1, 0, 1, 2 ], 
  [ 1, 0, 1, 2, 1, 0, 1, 2 ], [ 2, 0, 2, 2, 2, 0, 2, 1 ], 
  [ 0, 0, 0, 0, 2, 0, 0, 0 ], [ 1, 1, 0, 1, 2, 2, 2, 0 ], 
  [ 0, 1, 0, 0, 2, 0, 2, 0 ], [ 2, 2, 0, 2, 0, 0, 2, 0 ] ]
CLASS n=4 order=6 size=52222060800 fixed=-1 real=false M=
[ [ 1, 0, 0, 0, 2, 0, 1, 1 ], [ 1, 0, 2, 2, 1, 0, 2, 0 ], 
  [ 2, 1, 1, 2, 2, 0, 1, 0 ], [ 0, 0, 2, 2, 0, 0, 0, 0 ], 
  [ 0, 0, 0, 0, 1, 0, 0, 0 ], [ 1, 0, 2, 2, 2, 1, 0, 1 ], 
  [ 1, 0, 2, 2, 0, 0, 0, 0 ], [ 1, 1, 2, 2, 2, 0, 2, 1 ] ]
CLASS n=4 order=3 size=1790880 fixed=-1 real=true M=
[ [ 2, 2, 0, 0, 1, 2, 0, 2 ], [ 2, 0, 1, 2, 1, 1, 0, 1 ], 
  [ 1, 0, 2, 2, 0, 2, 0, 2 ], [ 1, 0, 1, 0, 0, 2, 0, 2 ], 
  [ 2, 2, 1, 2, 2, 1, 0, 1 ], [ 1, 2, 0, 0, 1, 0, 0, 2 ], 
  [ 2, 2, 1, 2, 1, 1, 1, 1 ], [ 0, 0, 0, 0, 0, 0, 0, 1 ] ]
CLASS n=4 order=6 size=870367680 fixed=-1 real=false M=
[ [ 1, 0, 2, 1, 1, 0, 1, 1 ], [ 2, 2, 1, 2, 1, 1, 2, 0 ], 
  [ 1, 0, 1, 0, 1, 2, 1, 0 ], [ 1, 0, 0, 1, 1, 2, 1, 0 ], 
  [ 2, 1, 1, 2, 2, 1, 2, 0 ], [ 1, 1, 1, 2, 0, 0, 1, 0 ], 
  [ 1, 0, 2, 1, 2, 2, 0, 1 ], [ 1, 1, 2, 1, 2, 2, 0, 0 ] ]
CLASS n=4 order=6 size=870367680 fixed=-1 real=false M=
[ [ 2, 0, 0, 0, 1, 2, 1, 0 ], [ 1, 1, 2, 1, 2, 2, 2, 1 ], 
  [ 2, 2, 1, 0, 2, 1, 1, 2 ], [ 2, 2, 0, 1, 2, 1, 1, 2 ], 
  [ 1, 0, 2, 1, 0, 2, 2, 1 ], [ 2, 1, 2, 1, 0, 2, 1, 2 ], 
  [ 0, 2, 0, 0, 0, 0, 0, 2 ], [ 1, 1, 2, 1, 2, 2, 0, 0 ] ]
CLASS n=4 order=9 size=1740735360 fixed=-1 real=false M=
[ [ 2, 0, 1, 0, 1, 1, 1, 1 ], [ 0, 0, 0, 0, 2, 0, 0, 0 ], 
  [ 0, 0, 2, 0, 0, 0, 0, 0 ], [ 2, 1, 2, 2, 0, 0, 0, 2 ], 
  [ 1, 0, 1, 0, 1, 0, 0, 1 ], [ 2, 2, 0, 0, 0, 0, 1, 0 ], 
  [ 1, 2, 1, 0, 0, 0, 2, 1 ], [ 2, 0, 2, 0, 1, 0, 0, 1 ] ]
CLASS n=4 order=9 size=1740735360 fixed=-1 real=false M=
[ [ 2, 2, 1, 0, 2, 1, 1, 1 ], [ 1, 0, 1, 0, 1, 0, 0, 1 ], 
  [ 0, 0, 2, 0, 0, 0, 0, 0 ], [ 0, 1, 1, 2, 0, 1, 1, 1 ], 
  [ 1, 0, 0, 0, 0, 2, 2, 0 ], [ 1, 1, 0, 0, 0, 1, 2, 0 ], 
  [ 0, 2, 2, 0, 0, 2, 1, 2 ], [ 2, 0, 0, 0, 2, 1, 1, 2 ] ]
CLASS n=4 order=18 size=140999564160 fixed=-1 real=false M=
[ [ 2, 1, 2, 0, 0, 1, 0, 1 ], [ 2, 2, 1, 0, 1, 2, 0, 2 ], 
  [ 0, 0, 1, 0, 0, 0, 0, 0 ], [ 0, 2, 1, 1, 2, 1, 1, 1 ], 
  [ 2, 2, 0, 0, 0, 1, 2, 1 ], [ 1, 2, 1, 0, 0, 1, 0, 1 ], 
  [ 1, 2, 2, 0, 1, 1, 2, 2 ], [ 0, 0, 0, 0, 1, 0, 2, 0 ] ]
CLASS n=4 order=18 size=140999564160 fixed=-1 real=false M=
[ [ 0, 0, 1, 0, 1, 0, 1, 2 ], [ 0, 2, 0, 0, 1, 0, 2, 2 ], 
  [ 0, 0, 2, 0, 0, 0, 0, 0 ], [ 1, 1, 1, 2, 1, 0, 0, 1 ], 
  [ 2, 2, 2, 0, 2, 0, 2, 1 ], [ 1, 0, 2, 0, 0, 0, 1, 2 ], 
  [ 1, 1, 2, 0, 2, 1, 0, 2 ], [ 2, 2, 1, 0, 0, 2, 0, 1 ] ]
CLASS n=4 order=9 size=7519976755200 fixed=-1 real=true M=
[ [ 2, 0, 1, 0, 2, 1, 1, 2 ], [ 0, 0, 0, 0, 1, 0, 0, 2 ], 
  [ 2, 2, 2, 1, 0, 1, 2, 0 ], [ 0, 2, 0, 1, 0, 2, 1, 2 ], 
  [ 1, 0, 1, 0, 0, 0, 0, 0 ], [ 2, 2, 0, 2, 2, 0, 0, 2 ], 
  [ 1, 2, 1, 1, 1, 0, 0, 2 ], [ 0, 1, 2, 2, 2, 2, 1, 2 ] ]
CLASS n=4 order=18 size=5639982566400 fixed=-1 real=false M=
[ [ 0, 0, 2, 0, 1, 0, 0, 0 ], [ 0, 1, 2, 0, 1, 1, 1, 0 ], 
  [ 2, 1, 0, 1, 1, 1, 2, 0 ], [ 1, 1, 1, 0, 2, 0, 2, 0 ], 
  [ 0, 2, 2, 2, 2, 2, 1, 2 ], [ 1, 1, 2, 0, 2, 0, 2, 0 ], 
  [ 0, 1, 0, 0, 1, 0, 1, 1 ], [ 1, 0, 2, 0, 1, 0, 0, 2 ] ]
CLASS n=4 order=18 size=5639982566400 fixed=-1 real=false M=
[ [ 1, 0, 1, 2, 1, 1, 0, 2 ], [ 0, 0, 2, 2, 2, 0, 2, 0 ], 
  [ 0, 0, 0, 2, 0, 1, 0, 0 ], [ 1, 2, 0, 0, 2, 2, 1, 1 ], 
  [ 1, 0, 0, 2, 0, 1, 0, 0 ], [ 2, 1, 2, 1, 2, 2, 2, 2 ], 
  [ 0, 0, 2, 0, 2, 1, 2, 1 ], [ 2, 0, 1, 2, 1, 1, 0, 1 ] ]
CLASS n=4 order=18 size=5639982566400 fixed=-1 real=false M=
[ [ 1, 2, 1, 1, 1, 1, 2, 0 ], [ 2, 0, 0, 0, 2, 0, 0, 2 ], 
  [ 2, 2, 0, 2, 2, 1, 0, 2 ], [ 2, 2, 1, 0, 2, 1, 0, 2 ], 
  [ 0, 2, 2, 2, 2, 0, 2, 0 ], [ 2, 1, 2, 2, 1, 1, 2, 0 ], 
  [ 0, 0, 2, 2, 2, 1, 1, 2 ], [ 1, 2, 2, 2, 0, 2, 1, 2 ] ]
CLASS n=4 order=18 size=5639982566400 fixed=-1 real=false M=
[ [ 0, 1, 2, 1, 1, 1, 2, 0 ], [ 1, 1, 1, 2, 1, 0, 2, 0 ], 
  [ 0, 2, 0, 1, 2, 1, 2, 1 ], [ 0, 1, 0, 0, 2, 2, 1, 0 ], 
  [ 0, 2, 1, 2, 1, 0, 2, 2 ], [ 1, 1, 2, 2, 0, 2, 0, 0 ], 
  [ 2, 0, 1, 1, 2, 0, 2, 0 ], [ 0, 2, 0, 0, 1, 2, 2, 1 ] ]
CLASS n=4 order=18 size=33839895398400 fixed=-1 real=false M=
[ [ 0, 1, 2, 1, 1, 2, 0, 2 ], [ 0, 2, 0, 0, 1, 0, 0, 0 ], 
  [ 1, 0, 0, 0, 0, 2, 2, 2 ], [ 0, 0, 1, 0, 0, 0, 1, 0 ], 
  [ 2, 0, 0, 1, 0, 1, 2, 2 ], [ 0, 2, 0, 2, 2, 0, 0, 1 ], 
  [ 1, 2, 1, 2, 2, 2, 0, 1 ], [ 0, 0, 2, 2, 2, 0, 2, 1 ] ]
CLASS n=4 order=18 size=33839895398400 fixed=-1 real=false M=
[ [ 1, 1, 0, 0, 1, 0, 0, 2 ], [ 0, 0, 0, 2, 0, 1, 0, 2 ], 
  [ 0, 1, 0, 0, 1, 1, 1, 2 ], [ 0, 1, 2, 0, 1, 0, 2, 0 ], 
  [ 0, 2, 0, 2, 0, 1, 0, 2 ], [ 1, 2, 1, 0, 0, 0, 2, 2 ], 
  [ 0, 2, 2, 2, 1, 2, 2, 0 ], [ 0, 0, 1, 1, 0, 1, 2, 0 ] ]
CLASS n=4 order=6 size=469998547200 fixed=-1 real=false M=
[ [ 1, 1, 1, 1, 1, 1, 1, 1 ], [ 2, 0, 2, 2, 0, 2, 1, 2 ], 
  [ 2, 0, 2, 2, 0, 1, 1, 2 ], [ 2, 1, 1, 2, 1, 2, 1, 0 ], 
  [ 2, 1, 1, 2, 0, 1, 0, 2 ], [ 0, 0, 0, 1, 0, 1, 0, 1 ], 
  [ 1, 1, 2, 2, 0, 1, 1, 0 ], [ 2, 0, 0, 2, 0, 1, 0, 2 ] ]
CLASS n=4 order=6 size=469998547200 fixed=-1 real=false M=
[ [ 0, 1, 2, 0, 0, 1, 0, 1 ], [ 2, 2, 2, 1, 0, 1, 2, 2 ], 
  [ 1, 1, 1, 2, 2, 2, 1, 2 ], [ 2, 2, 1, 1, 0, 2, 0, 1 ], 
  [ 1, 1, 1, 1, 2, 1, 2, 1 ], [ 0, 2, 1, 0, 0, 0, 0, 0 ], 
  [ 1, 1, 0, 2, 2, 2, 1, 0 ], [ 1, 2, 1, 2, 0, 0, 0, 2 ] ]
CLASS n=4 order=6 size=939997094400 fixed=-1 real=false M=
[ [ 0, 2, 2, 0, 2, 0, 1, 1 ], [ 2, 1, 1, 0, 0, 2, 1, 2 ], 
  [ 0, 1, 0, 0, 1, 0, 0, 0 ], [ 0, 0, 0, 1, 0, 1, 0, 2 ], 
  [ 1, 1, 1, 0, 0, 1, 1, 1 ], [ 1, 2, 2, 1, 2, 1, 1, 2 ], 
  [ 1, 2, 0, 0, 1, 1, 1, 1 ], [ 1, 0, 0, 2, 0, 1, 0, 2 ] ]
CLASS n=4 order=6 size=939997094400 fixed=-1 real=false M=
[ [ 2, 2, 0, 1, 1, 1, 0, 2 ], [ 2, 0, 0, 0, 1, 2, 1, 2 ], 
  [ 0, 0, 2, 0, 2, 0, 1, 0 ], [ 1, 1, 0, 0, 2, 2, 0, 0 ], 
  [ 1, 0, 2, 0, 2, 1, 2, 1 ], [ 0, 1, 0, 2, 2, 0, 0, 2 ], 
  [ 1, 1, 1, 0, 1, 1, 1, 1 ], [ 1, 2, 0, 0, 1, 2, 0, 2 ] ]
CLASS n=4 order=4 size=226606442400 fixed=-1 real=true M=
[ [ 1, 1, 0, 2, 1, 0, 2, 1 ], [ 0, 1, 1, 0, 0, 0, 0, 1 ], 
  [ 0, 2, 2, 1, 0, 0, 1, 0 ], [ 2, 1, 1, 1, 1, 0, 2, 1 ], 
  [ 2, 1, 2, 0, 2, 0, 1, 0 ], [ 1, 1, 2, 0, 2, 1, 2, 1 ], 
  [ 1, 2, 1, 0, 2, 0, 2, 0 ], [ 0, 0, 1, 2, 1, 1, 2, 0 ] ]
CLASS n=4 order=12 size=906425769600 fixed=-1 real=false M=
[ [ 2, 1, 2, 2, 2, 1, 0, 2 ], [ 1, 2, 1, 0, 2, 2, 1, 0 ], 
  [ 0, 2, 2, 1, 0, 0, 1, 0 ], [ 0, 0, 2, 1, 1, 0, 0, 1 ], 
  [ 2, 0, 1, 0, 1, 2, 1, 2 ], [ 1, 2, 0, 0, 0, 2, 2, 2 ], 
  [ 1, 1, 0, 0, 1, 2, 2, 2 ], [ 1, 1, 1, 2, 0, 0, 0, 2 ] ]
CLASS n=4 order=12 size=906425769600 fixed=-1 real=false M=
[ [ 2, 1, 2, 2, 2, 1, 0, 2 ], [ 2, 2, 0, 0, 0, 0, 2, 1 ], 
  [ 0, 2, 2, 1, 0, 0, 1, 0 ], [ 2, 0, 0, 1, 0, 2, 2, 0 ], 
  [ 1, 0, 2, 0, 0, 1, 0, 1 ], [ 2, 2, 2, 0, 1, 0, 0, 0 ], 
  [ 0, 1, 1, 0, 0, 1, 1, 1 ], [ 2, 1, 0, 2, 1, 1, 1, 0 ] ]
CLASS n=4 order=4 size=26437418280 fixed=-1 real=true M=
[ [ 1, 2, 1, 1, 0, 1, 0, 1 ], [ 1, 0, 2, 2, 0, 2, 0, 2 ], 
  [ 2, 2, 0, 0, 1, 0, 0, 2 ], [ 1, 1, 2, 0, 2, 0, 1, 0 ], 
  [ 2, 2, 0, 2, 1, 1, 2, 0 ], [ 0, 0, 2, 0, 1, 0, 0, 0 ], 
  [ 0, 0, 0, 1, 2, 1, 2, 2 ], [ 1, 1, 1, 2, 2, 2, 1, 1 ] ]
CLASS n=4 order=8 size=14276205871200 fixed=-1 real=true M=
[ [ 2, 2, 1, 2, 2, 2, 1, 1 ], [ 1, 1, 2, 1, 0, 0, 0, 1 ], 
  [ 0, 0, 2, 0, 1, 2, 1, 0 ], [ 0, 0, 0, 1, 0, 2, 2, 0 ], 
  [ 2, 0, 1, 0, 2, 0, 0, 1 ], [ 1, 0, 2, 2, 2, 0, 1, 0 ], 
  [ 0, 1, 0, 2, 0, 2, 2, 0 ], [ 2, 0, 0, 0, 2, 2, 1, 2 ] ]
CLASS n=4 order=6 size=11749963680 fixed=-1 real=true M=
[ [ 0, 1, 0, 2, 2, 1, 0, 0 ], [ 1, 2, 2, 2, 2, 1, 2, 0 ], 
  [ 2, 0, 0, 2, 1, 0, 2, 2 ], [ 1, 2, 1, 1, 2, 1, 1, 0 ], 
  [ 0, 2, 2, 2, 1, 1, 2, 0 ], [ 2, 1, 2, 0, 2, 1, 0, 2 ], 
  [ 2, 2, 0, 1, 0, 1, 0, 2 ], [ 0, 1, 1, 0, 2, 2, 2, 1 ] ]
CLASS n=4 order=8 size=317249019360 fixed=-1 real=true M=
[ [ 1, 2, 2, 2, 1, 1, 0, 0 ], [ 1, 0, 1, 1, 2, 2, 0, 0 ], 
  [ 0, 0, 2, 0, 1, 2, 1, 0 ], [ 1, 1, 0, 1, 2, 1, 0, 2 ], 
  [ 1, 1, 0, 0, 2, 0, 2, 1 ], [ 2, 2, 0, 2, 2, 0, 2, 0 ], 
  [ 2, 2, 2, 2, 0, 2, 1, 0 ], [ 2, 2, 2, 0, 1, 1, 1, 1 ] ]
CLASS n=4 order=12 size=6344980387200 fixed=-1 real=true M=
[ [ 1, 1, 0, 1, 1, 2, 1, 2 ], [ 0, 1, 1, 1, 1, 2, 0, 1 ], 
  [ 1, 0, 2, 1, 1, 1, 0, 1 ], [ 2, 1, 1, 1, 0, 2, 0, 0 ], 
  [ 0, 1, 1, 2, 0, 0, 1, 2 ], [ 1, 2, 0, 1, 2, 2, 1, 0 ], 
  [ 0, 0, 0, 2, 1, 1, 1, 0 ], [ 2, 1, 0, 1, 2, 1, 2, 2 ] ]
CLASS n=4 order=24 size=76139764646400 fixed=-1 real=true M=
[ [ 1, 2, 1, 2, 1, 0, 2, 1 ], [ 0, 1, 1, 2, 0, 2, 0, 2 ], 
  [ 0, 1, 2, 2, 0, 0, 2, 0 ], [ 0, 1, 1, 1, 2, 1, 2, 2 ], 
  [ 2, 1, 0, 0, 2, 1, 0, 1 ], [ 0, 2, 0, 1, 0, 1, 2, 2 ], 
  [ 2, 2, 2, 1, 0, 0, 2, 2 ], [ 0, 1, 1, 1, 0, 1, 1, 0 ] ]
CLASS n=4 order=4 size=1189683822600 fixed=-1 real=true M=
[ [ 1, 2, 1, 1, 0, 1, 0, 1 ], [ 1, 0, 2, 1, 2, 0, 0, 2 ], 
  [ 1, 2, 1, 0, 2, 1, 0, 0 ], [ 1, 1, 2, 1, 0, 2, 1, 0 ], 
  [ 0, 2, 2, 1, 2, 1, 2, 2 ], [ 1, 0, 1, 1, 1, 1, 0, 2 ], 
  [ 0, 0, 0, 0, 1, 2, 2, 2 ], [ 1, 1, 1, 2, 2, 2, 1, 1 ] ]
CLASS n=4 order=12 size=9517470580800 fixed=-1 real=false M=
[ [ 0, 1, 1, 1, 0, 1, 1, 0 ], [ 0, 1, 1, 2, 2, 1, 2, 2 ], 
  [ 0, 2, 2, 2, 1, 1, 2, 1 ], [ 0, 1, 2, 0, 2, 1, 2, 1 ], 
  [ 2, 2, 0, 1, 1, 1, 2, 2 ], [ 1, 0, 0, 2, 2, 2, 1, 1 ], 
  [ 0, 2, 2, 1, 2, 2, 1, 0 ], [ 0, 0, 2, 0, 0, 2, 2, 2 ] ]
CLASS n=4 order=12 size=9517470580800 fixed=-1 real=false M=
[ [ 0, 2, 2, 2, 0, 2, 2, 0 ], [ 2, 2, 0, 0, 1, 1, 1, 2 ], 
  [ 1, 1, 0, 2, 2, 0, 1, 1 ], [ 1, 2, 0, 1, 1, 0, 1, 1 ], 
  [ 2, 1, 2, 0, 2, 0, 1, 0 ], [ 2, 0, 0, 1, 1, 1, 2, 2 ], 
  [ 2, 1, 2, 1, 1, 0, 2, 1 ], [ 0, 0, 1, 0, 0, 1, 1, 1 ] ]
CLASS n=4 order=3 size=34814707200 fixed=-1 real=true M=
[ [ 1, 0, 1, 2, 1, 1, 1, 2 ], [ 0, 0, 2, 1, 0, 0, 2, 2 ], 
  [ 2, 0, 0, 2, 0, 1, 1, 2 ], [ 2, 0, 1, 1, 0, 1, 1, 2 ], 
  [ 0, 1, 2, 1, 2, 0, 2, 2 ], [ 0, 0, 2, 1, 1, 2, 1, 1 ], 
  [ 1, 0, 2, 1, 1, 2, 1, 1 ], [ 2, 1, 0, 0, 2, 1, 0, 0 ] ]
CLASS n=4 order=6 size=2819991283200 fixed=-1 real=true M=
[ [ 2, 0, 0, 2, 2, 2, 0, 1 ], [ 0, 0, 0, 0, 0, 0, 2, 2 ], 
  [ 2, 2, 2, 1, 2, 2, 0, 0 ], [ 2, 1, 2, 1, 2, 2, 1, 1 ], 
  [ 0, 2, 1, 2, 2, 0, 1, 1 ], [ 0, 0, 2, 1, 2, 2, 2, 2 ], 
  [ 0, 0, 1, 0, 2, 1, 2, 2 ], [ 0, 0, 1, 1, 1, 2, 0, 0 ] ]
CLASS n=4 order=12 size=152279529292800 fixed=-1 real=true M=
[ [ 1, 2, 1, 1, 1, 1, 1, 0 ], [ 1, 2, 1, 2, 2, 2, 1, 0 ], 
  [ 2, 0, 1, 1, 1, 2, 1, 0 ], [ 2, 0, 2, 0, 0, 2, 2, 1 ], 
  [ 1, 2, 1, 2, 1, 2, 2, 1 ], [ 1, 1, 0, 2, 0, 0, 1, 2 ], 
  [ 2, 0, 2, 1, 1, 0, 0, 0 ], [ 2, 1, 0, 0, 2, 2, 1, 0 ] ]
CLASS n=4 order=18 size=22559930265600 fixed=-1 real=false M=
[ [ 0, 0, 0, 1, 1, 0, 0, 0 ], [ 2, 1, 1, 0, 0, 2, 2, 2 ], 
  [ 0, 2, 2, 2, 2, 2, 0, 2 ], [ 1, 2, 1, 0, 0, 1, 0, 0 ], 
  [ 1, 1, 0, 0, 2, 0, 0, 0 ], [ 2, 0, 0, 1, 0, 0, 2, 1 ], 
  [ 1, 0, 2, 1, 2, 2, 1, 0 ], [ 1, 2, 1, 1, 1, 1, 2, 1 ] ]
CLASS n=4 order=18 size=22559930265600 fixed=-1 real=false M=
[ [ 2, 1, 1, 0, 0, 2, 0, 2 ], [ 0, 2, 0, 1, 1, 1, 1, 2 ], 
  [ 2, 1, 1, 2, 1, 0, 0, 0 ], [ 0, 1, 1, 1, 0, 0, 0, 1 ], 
  [ 2, 0, 1, 1, 0, 0, 1, 1 ], [ 0, 1, 0, 2, 0, 2, 2, 2 ], 
  [ 1, 2, 1, 2, 1, 0, 0, 1 ], [ 0, 2, 1, 1, 1, 0, 0, 2 ] ]
CLASS n=4 order=18 size=1409995641600 fixed=-1 real=false M=
[ [ 1, 2, 2, 0, 1, 2, 2, 2 ], [ 2, 0, 1, 2, 0, 1, 1, 1 ], 
  [ 2, 2, 0, 1, 1, 1, 2, 1 ], [ 1, 0, 2, 0, 1, 0, 2, 1 ], 
  [ 0, 2, 1, 2, 0, 2, 0, 2 ], [ 0, 0, 2, 0, 1, 1, 1, 0 ], 
  [ 1, 0, 1, 1, 1, 1, 2, 1 ], [ 2, 1, 1, 1, 0, 0, 2, 1 ] ]
CLASS n=4 order=18 size=1409995641600 fixed=-1 real=false M=
[ [ 2, 1, 1, 0, 0, 2, 1, 1 ], [ 0, 0, 0, 0, 0, 0, 0, 1 ], 
  [ 2, 1, 2, 0, 0, 2, 0, 0 ], [ 0, 0, 0, 1, 2, 2, 0, 0 ], 
  [ 2, 2, 0, 1, 2, 2, 0, 1 ], [ 0, 2, 1, 2, 1, 0, 0, 2 ], 
  [ 0, 0, 1, 0, 0, 2, 0, 0 ], [ 2, 2, 1, 0, 1, 0, 0, 0 ] ]
CLASS n=4 order=18 size=22559930265600 fixed=-1 real=false M=
[ [ 2, 2, 0, 1, 2, 1, 1, 2 ], [ 0, 1, 0, 2, 2, 1, 2, 0 ], 
  [ 0, 0, 0, 2, 0, 0, 0, 0 ], [ 2, 2, 1, 1, 0, 1, 1, 1 ], 
  [ 2, 2, 0, 1, 0, 1, 1, 0 ], [ 1, 2, 0, 0, 2, 2, 1, 1 ], 
  [ 2, 0, 0, 2, 2, 2, 2, 0 ], [ 1, 0, 0, 0, 0, 0, 0, 2 ] ]
CLASS n=4 order=18 size=22559930265600 fixed=-1 real=false M=
[ [ 1, 1, 2, 1, 1, 2, 2, 1 ], [ 1, 2, 1, 2, 1, 1, 2, 0 ], 
  [ 2, 2, 1, 1, 0, 1, 1, 1 ], [ 2, 2, 2, 1, 0, 0, 2, 1 ], 
  [ 2, 1, 2, 0, 1, 1, 0, 2 ], [ 2, 1, 0, 0, 2, 0, 0, 1 ], 
  [ 1, 0, 1, 2, 2, 0, 2, 2 ], [ 0, 0, 0, 2, 1, 2, 1, 0 ] ]
CLASS n=4 order=4 size=26437418280 fixed=-1 real=true M=
[ [ 2, 1, 1, 1, 0, 0, 0, 2 ], [ 1, 0, 0, 0, 2, 2, 2, 1 ], 
  [ 0, 2, 1, 0, 2, 2, 0, 2 ], [ 0, 1, 0, 1, 2, 2, 0, 1 ], 
  [ 2, 1, 2, 1, 1, 2, 1, 2 ], [ 1, 2, 1, 2, 1, 0, 2, 1 ], 
  [ 1, 0, 1, 1, 0, 0, 1, 2 ], [ 2, 2, 0, 0, 1, 1, 1, 1 ] ]
CLASS n=4 order=12 size=1057496731200 fixed=-1 real=false M=
[ [ 1, 2, 1, 1, 1, 1, 2, 2 ], [ 0, 0, 1, 1, 1, 1, 1, 0 ], 
  [ 2, 0, 0, 1, 1, 1, 2, 2 ], [ 1, 0, 2, 1, 1, 1, 1, 1 ], 
  [ 1, 0, 1, 2, 0, 2, 2, 0 ], [ 2, 0, 2, 1, 1, 2, 1, 0 ], 
  [ 1, 1, 0, 0, 2, 2, 1, 0 ], [ 1, 2, 1, 1, 2, 2, 0, 0 ] ]
CLASS n=4 order=12 size=1057496731200 fixed=-1 real=false M=
[ [ 2, 0, 0, 0, 1, 1, 0, 1 ], [ 2, 2, 2, 2, 1, 1, 0, 1 ], 
  [ 1, 2, 1, 2, 1, 1, 1, 0 ], [ 2, 1, 1, 0, 1, 1, 2, 0 ], 
  [ 1, 0, 1, 2, 0, 2, 2, 0 ], [ 2, 0, 2, 1, 1, 2, 1, 0 ], 
  [ 0, 0, 1, 1, 2, 2, 0, 1 ], [ 0, 1, 2, 2, 2, 2, 2, 1 ] ]
CLASS n=4 order=18 size=5639982566400 fixed=-1 real=false M=
[ [ 1, 1, 2, 1, 2, 0, 2, 1 ], [ 2, 0, 1, 2, 0, 1, 1, 1 ], 
  [ 2, 0, 0, 0, 0, 0, 2, 2 ], [ 1, 0, 2, 0, 1, 0, 2, 1 ], 
  [ 0, 0, 1, 1, 2, 1, 0, 0 ], [ 0, 2, 2, 1, 2, 2, 1, 2 ], 
  [ 1, 2, 1, 2, 2, 2, 2, 0 ], [ 2, 1, 1, 1, 0, 0, 2, 1 ] ]
CLASS n=4 order=18 size=5639982566400 fixed=-1 real=false M=
[ [ 2, 0, 1, 1, 1, 0, 1, 0 ], [ 0, 0, 0, 0, 0, 0, 0, 1 ], 
  [ 2, 2, 2, 2, 2, 1, 0, 1 ], [ 0, 0, 0, 1, 2, 2, 0, 0 ], 
  [ 2, 0, 0, 0, 1, 1, 0, 2 ], [ 0, 1, 1, 0, 2, 1, 0, 1 ], 
  [ 0, 2, 1, 1, 1, 0, 0, 2 ], [ 2, 2, 1, 0, 1, 0, 0, 0 ] ]
CLASS n=4 order=36 size=304559058585600 fixed=-1 real=false M=
[ [ 1, 0, 2, 1, 0, 1, 1, 0 ], [ 0, 2, 1, 1, 1, 1, 1, 2 ], 
  [ 0, 1, 1, 0, 1, 2, 2, 1 ], [ 1, 2, 2, 0, 0, 0, 1, 0 ], 
  [ 2, 1, 2, 2, 2, 2, 2, 2 ], [ 2, 1, 0, 1, 1, 2, 1, 1 ], 
  [ 1, 0, 1, 0, 1, 2, 0, 2 ], [ 2, 0, 0, 1, 1, 2, 0, 2 ] ]
CLASS n=4 order=36 size=304559058585600 fixed=-1 real=false M=
[ [ 0, 1, 0, 0, 2, 0, 0, 0 ], [ 0, 0, 1, 2, 1, 2, 0, 0 ], 
  [ 2, 0, 2, 2, 1, 1, 2, 2 ], [ 1, 1, 2, 2, 0, 2, 2, 2 ], 
  [ 1, 0, 0, 1, 0, 2, 2, 0 ], [ 2, 2, 0, 1, 1, 1, 2, 2 ], 
  [ 0, 0, 2, 1, 0, 0, 0, 1 ], [ 1, 1, 1, 1, 2, 2, 0, 2 ] ]
CLASS n=4 order=18 size=5639982566400 fixed=-1 real=false M=
[ [ 1, 1, 0, 2, 1, 2, 2, 1 ], [ 2, 0, 1, 2, 0, 1, 1, 1 ], 
  [ 2, 2, 2, 0, 2, 2, 2, 1 ], [ 1, 1, 2, 2, 0, 2, 2, 2 ], 
  [ 0, 1, 0, 2, 2, 1, 0, 1 ], [ 0, 1, 0, 0, 2, 2, 1, 1 ], 
  [ 1, 2, 2, 0, 1, 1, 2, 0 ], [ 2, 1, 1, 1, 0, 0, 2, 1 ] ]
CLASS n=4 order=18 size=5639982566400 fixed=-1 real=false M=
[ [ 1, 0, 0, 0, 1, 2, 2, 0 ], [ 0, 0, 0, 0, 0, 0, 0, 2 ], 
  [ 1, 0, 0, 1, 0, 1, 0, 1 ], [ 0, 1, 0, 1, 0, 0, 0, 1 ], 
  [ 1, 1, 2, 1, 2, 2, 0, 2 ], [ 0, 1, 0, 2, 1, 2, 0, 1 ], 
  [ 0, 1, 0, 0, 1, 2, 0, 1 ], [ 1, 1, 2, 0, 2, 0, 0, 0 ] ]
CLASS n=4 order=12 size=609118117171200 fixed=-1 real=false M=
[ [ 2, 2, 0, 0, 0, 1, 0, 1 ], [ 1, 0, 2, 0, 0, 0, 0, 0 ], 
  [ 2, 0, 1, 0, 1, 2, 1, 2 ], [ 2, 0, 0, 0, 0, 0, 2, 2 ], 
  [ 0, 1, 2, 1, 2, 2, 0, 2 ], [ 1, 0, 0, 0, 1, 2, 0, 0 ], 
  [ 1, 0, 1, 0, 1, 2, 0, 0 ], [ 1, 1, 1, 1, 2, 0, 1, 0 ] ]
CLASS n=4 order=12 size=609118117171200 fixed=-1 real=false M=
[ [ 0, 0, 0, 0, 1, 2, 2, 2 ], [ 0, 2, 2, 1, 1, 0, 2, 2 ], 
  [ 0, 0, 0, 0, 0, 1, 2, 0 ], [ 2, 0, 0, 2, 0, 1, 1, 2 ], 
  [ 1, 1, 0, 2, 2, 0, 2, 1 ], [ 2, 0, 0, 2, 0, 0, 0, 0 ], 
  [ 2, 1, 1, 2, 2, 1, 1, 1 ], [ 1, 2, 2, 2, 0, 0, 0, 0 ] ]
CLASS n=4 order=8 size=171314470454400 fixed=-1 real=true M=
[ [ 0, 2, 2, 1, 1, 1, 2, 0 ], [ 1, 0, 2, 2, 1, 1, 0, 2 ], 
  [ 1, 2, 1, 0, 1, 2, 2, 1 ], [ 1, 0, 1, 1, 2, 2, 0, 2 ], 
  [ 2, 0, 2, 2, 0, 0, 0, 1 ], [ 0, 0, 0, 2, 1, 0, 0, 0 ], 
  [ 0, 2, 2, 2, 1, 1, 1, 2 ], [ 2, 0, 0, 0, 0, 0, 0, 2 ] ]
CLASS n=4 order=12 size=1057496731200 fixed=-1 real=false M=
[ [ 0, 1, 1, 1, 0, 1, 1, 0 ], [ 2, 1, 2, 2, 0, 2, 2, 0 ], 
  [ 2, 2, 0, 1, 1, 0, 2, 2 ], [ 1, 1, 1, 0, 1, 0, 2, 0 ], 
  [ 2, 2, 0, 2, 2, 0, 2, 2 ], [ 0, 0, 1, 0, 1, 2, 1, 2 ], 
  [ 2, 2, 0, 1, 0, 0, 1, 1 ], [ 0, 0, 2, 0, 0, 2, 2, 2 ] ]
CLASS n=4 order=12 size=1057496731200 fixed=-1 real=false M=
[ [ 0, 2, 2, 2, 0, 2, 2, 0 ], [ 1, 2, 1, 1, 0, 1, 1, 0 ], 
  [ 1, 1, 0, 1, 1, 1, 1, 1 ], [ 2, 2, 2, 0, 2, 0, 1, 0 ], 
  [ 1, 1, 0, 2, 2, 2, 1, 1 ], [ 0, 0, 2, 1, 0, 0, 2, 1 ], 
  [ 1, 1, 0, 2, 0, 0, 2, 2 ], [ 0, 0, 1, 0, 0, 1, 1, 1 ] ]
CLASS n=4 order=24 size=12689960774400 fixed=-1 real=false M=
[ [ 1, 0, 2, 1, 0, 2, 0, 2 ], [ 0, 1, 1, 2, 0, 1, 0, 1 ], 
  [ 2, 2, 0, 0, 0, 2, 1, 0 ], [ 0, 0, 1, 2, 2, 2, 1, 2 ], 
  [ 2, 2, 2, 2, 1, 2, 1, 2 ], [ 2, 2, 0, 0, 2, 2, 2, 1 ], 
  [ 1, 1, 0, 2, 1, 2, 0, 2 ], [ 0, 0, 1, 1, 0, 1, 2, 0 ] ]
CLASS n=4 order=24 size=12689960774400 fixed=-1 real=false M=
[ [ 2, 0, 1, 2, 0, 1, 0, 1 ], [ 0, 2, 2, 1, 0, 2, 0, 2 ], 
  [ 1, 1, 0, 2, 2, 2, 2, 0 ], [ 0, 0, 2, 1, 1, 1, 2, 1 ], 
  [ 1, 1, 1, 2, 0, 0, 2, 1 ], [ 1, 1, 0, 1, 2, 0, 1, 2 ], 
  [ 2, 2, 0, 1, 2, 1, 0, 1 ], [ 0, 0, 2, 2, 0, 2, 1, 0 ] ]
CLASS n=4 order=24 size=228419293939200 fixed=-1 real=false M=
[ [ 2, 1, 0, 1, 2, 1, 0, 2 ], [ 2, 0, 0, 0, 2, 1, 0, 1 ], 
  [ 1, 0, 1, 1, 0, 2, 1, 0 ], [ 2, 2, 2, 2, 2, 0, 2, 0 ], 
  [ 2, 0, 0, 1, 0, 2, 1, 2 ], [ 1, 2, 2, 1, 0, 1, 0, 2 ], 
  [ 1, 1, 2, 1, 2, 0, 0, 1 ], [ 0, 0, 2, 1, 1, 1, 1, 0 ] ]
CLASS n=4 order=24 size=228419293939200 fixed=-1 real=false M=
[ [ 0, 1, 0, 0, 2, 1, 0, 1 ], [ 2, 1, 0, 2, 0, 0, 0, 2 ], 
  [ 0, 1, 2, 2, 0, 1, 2, 0 ], [ 1, 1, 1, 1, 1, 0, 1, 0 ], 
  [ 0, 2, 0, 2, 0, 1, 2, 1 ], [ 1, 0, 1, 2, 0, 2, 0, 1 ], 
  [ 2, 2, 1, 2, 1, 0, 0, 2 ], [ 0, 0, 1, 2, 2, 2, 2, 0 ] ]
CLASS n=4 order=3 size=1934150400 fixed=-1 real=true M=
[ [ 1, 0, 1, 1, 0, 0, 1, 2 ], [ 0, 0, 0, 1, 2, 1, 2, 1 ], 
  [ 2, 1, 1, 1, 2, 1, 0, 2 ], [ 0, 2, 0, 0, 1, 1, 2, 2 ], 
  [ 2, 0, 2, 1, 2, 1, 0, 1 ], [ 2, 0, 1, 1, 0, 2, 1, 2 ], 
  [ 2, 2, 1, 2, 1, 1, 2, 1 ], [ 2, 2, 2, 0, 1, 0, 1, 2 ] ]
CLASS n=4 order=6 size=156666182400 fixed=-1 real=false M=
[ [ 2, 2, 2, 1, 1, 0, 0, 2 ], [ 0, 1, 1, 0, 0, 1, 2, 2 ], 
  [ 1, 2, 2, 0, 1, 1, 2, 0 ], [ 2, 1, 1, 2, 2, 1, 1, 2 ], 
  [ 2, 0, 2, 1, 1, 1, 0, 1 ], [ 1, 2, 2, 1, 1, 1, 0, 2 ], 
  [ 0, 1, 2, 0, 2, 1, 2, 0 ], [ 2, 1, 0, 2, 2, 0, 1, 2 ] ]
CLASS n=4 order=6 size=156666182400 fixed=-1 real=false M=
[ [ 1, 1, 1, 1, 2, 0, 1, 2 ], [ 0, 2, 1, 1, 2, 2, 1, 0 ], 
  [ 0, 2, 2, 0, 1, 2, 2, 0 ], [ 2, 2, 2, 2, 1, 2, 0, 2 ], 
  [ 1, 0, 1, 2, 1, 2, 0, 2 ], [ 0, 1, 1, 1, 2, 1, 1, 2 ], 
  [ 2, 1, 2, 0, 2, 2, 2, 0 ], [ 1, 0, 2, 2, 0, 0, 2, 2 ] ]
CLASS n=4 order=9 size=45119860531200 fixed=-1 real=false M=
[ [ 2, 1, 1, 2, 0, 1, 1, 1 ], [ 0, 1, 2, 0, 2, 0, 2, 1 ], 
  [ 1, 1, 1, 2, 0, 2, 1, 0 ], [ 2, 0, 2, 0, 0, 2, 1, 1 ], 
  [ 1, 1, 1, 0, 0, 2, 1, 2 ], [ 0, 1, 0, 0, 0, 0, 1, 2 ], 
  [ 2, 1, 1, 2, 0, 0, 1, 1 ], [ 0, 0, 1, 2, 1, 1, 1, 2 ] ]
CLASS n=4 order=9 size=45119860531200 fixed=-1 real=false M=
[ [ 2, 0, 2, 1, 0, 0, 1, 1 ], [ 2, 1, 0, 1, 0, 0, 0, 0 ], 
  [ 0, 0, 0, 0, 2, 1, 0, 0 ], [ 2, 1, 0, 0, 1, 1, 2, 0 ], 
  [ 2, 0, 1, 1, 1, 2, 0, 2 ], [ 2, 2, 2, 0, 1, 2, 2, 0 ], 
  [ 2, 2, 2, 1, 0, 0, 0, 2 ], [ 2, 1, 0, 2, 2, 1, 2, 2 ] ]
CLASS n=4 order=18 size=406078744780800 fixed=-1 real=false M=
[ [ 1, 0, 0, 0, 0, 2, 1, 2 ], [ 1, 0, 2, 2, 1, 1, 0, 0 ], 
  [ 2, 1, 0, 2, 1, 2, 1, 0 ], [ 1, 1, 0, 0, 1, 0, 2, 2 ], 
  [ 1, 2, 1, 0, 2, 2, 1, 1 ], [ 1, 2, 0, 2, 1, 1, 2, 1 ], 
  [ 0, 0, 2, 1, 2, 1, 0, 1 ], [ 2, 2, 0, 1, 1, 0, 0, 0 ] ]
CLASS n=4 order=18 size=406078744780800 fixed=-1 real=false M=
[ [ 0, 2, 0, 2, 2, 1, 2, 1 ], [ 0, 2, 1, 1, 1, 0, 2, 0 ], 
  [ 2, 0, 2, 0, 1, 2, 2, 2 ], [ 0, 1, 1, 0, 2, 2, 2, 1 ], 
  [ 1, 1, 1, 0, 0, 2, 1, 2 ], [ 1, 2, 2, 0, 2, 0, 2, 2 ], 
  [ 1, 2, 0, 1, 2, 0, 0, 2 ], [ 0, 1, 0, 0, 0, 1, 1, 1 ] ]
CLASS n=4 order=3 size=3581760 fixed=-1 real=true M=
[ [ 2, 0, 0, 2, 0, 1, 1, 0 ], [ 1, 0, 1, 1, 1, 1, 1, 1 ], 
  [ 2, 2, 2, 0, 1, 2, 2, 1 ], [ 1, 0, 0, 0, 0, 1, 1, 0 ], 
  [ 2, 1, 2, 2, 0, 2, 2, 2 ], [ 1, 0, 0, 2, 0, 2, 1, 0 ], 
  [ 2, 0, 0, 1, 0, 2, 0, 0 ], [ 1, 2, 1, 1, 1, 1, 1, 2 ] ]
CLASS n=4 order=6 size=104444121600 fixed=-1 real=false M=
[ [ 2, 2, 1, 1, 2, 0, 1, 1 ], [ 2, 0, 2, 0, 2, 0, 0, 1 ], 
  [ 0, 1, 1, 1, 1, 0, 1, 2 ], [ 0, 0, 0, 1, 0, 1, 1, 1 ], 
  [ 1, 1, 0, 0, 1, 1, 1, 2 ], [ 0, 2, 0, 2, 2, 2, 0, 2 ], 
  [ 2, 1, 1, 2, 0, 0, 0, 1 ], [ 2, 1, 0, 2, 2, 2, 1, 0 ] ]
CLASS n=4 order=6 size=104444121600 fixed=-1 real=false M=
[ [ 0, 1, 0, 2, 2, 2, 1, 2 ], [ 1, 2, 0, 0, 0, 1, 1, 2 ], 
  [ 0, 2, 1, 2, 2, 0, 2, 1 ], [ 1, 1, 0, 1, 0, 0, 0, 1 ], 
  [ 0, 0, 1, 0, 2, 2, 2, 0 ], [ 1, 2, 0, 1, 1, 1, 1, 0 ], 
  [ 1, 2, 1, 1, 2, 1, 0, 2 ], [ 0, 1, 2, 1, 0, 1, 2, 0 ] ]
CLASS n=4 order=6 size=870367680 fixed=-1 real=false M=
[ [ 1, 2, 1, 2, 2, 0, 2, 2 ], [ 2, 2, 0, 2, 0, 0, 0, 2 ], 
  [ 2, 0, 2, 1, 2, 0, 2, 1 ], [ 1, 1, 1, 1, 2, 0, 2, 0 ], 
  [ 0, 0, 0, 0, 1, 0, 0, 0 ], [ 1, 0, 2, 2, 2, 1, 0, 1 ], 
  [ 1, 1, 1, 0, 0, 0, 2, 2 ], [ 0, 1, 2, 1, 0, 0, 2, 0 ] ]
CLASS n=4 order=6 size=870367680 fixed=-1 real=false M=
[ [ 2, 1, 1, 0, 0, 0, 1, 2 ], [ 1, 1, 2, 2, 2, 0, 0, 1 ], 
  [ 2, 1, 1, 2, 2, 0, 1, 0 ], [ 0, 1, 2, 2, 1, 0, 1, 1 ], 
  [ 0, 0, 0, 0, 1, 0, 0, 0 ], [ 0, 2, 1, 2, 1, 1, 0, 0 ], 
  [ 2, 1, 0, 2, 1, 0, 0, 1 ], [ 0, 2, 1, 2, 0, 0, 1, 2 ] ]
CLASS n=4 order=12 size=19034941161600 fixed=-1 real=false M=
[ [ 2, 0, 2, 1, 2, 1, 1, 1 ], [ 1, 1, 2, 1, 0, 0, 0, 2 ], 
  [ 2, 1, 2, 0, 1, 2, 0, 0 ], [ 1, 0, 2, 1, 1, 2, 1, 1 ], 
  [ 2, 0, 0, 1, 0, 0, 0, 1 ], [ 1, 2, 0, 1, 2, 2, 0, 1 ], 
  [ 1, 1, 1, 0, 1, 1, 1, 2 ], [ 0, 2, 2, 2, 0, 1, 2, 0 ] ]
CLASS n=4 order=12 size=19034941161600 fixed=-1 real=false M=
[ [ 1, 0, 1, 2, 0, 0, 1, 2 ], [ 2, 2, 1, 2, 1, 2, 1, 1 ], 
  [ 1, 2, 1, 0, 2, 1, 0, 0 ], [ 2, 0, 1, 2, 1, 2, 1, 2 ], 
  [ 2, 1, 2, 2, 0, 2, 1, 0 ], [ 0, 2, 2, 2, 0, 1, 0, 0 ], 
  [ 2, 2, 2, 0, 1, 0, 1, 1 ], [ 1, 2, 0, 1, 0, 1, 2, 1 ] ]
CLASS n=4 order=7 size=195787966233600 fixed=-1 real=true M=
[ [ 2, 2, 1, 2, 2, 1, 1, 2 ], [ 2, 1, 1, 2, 0, 2, 2, 0 ], 
  [ 0, 1, 2, 1, 2, 0, 2, 1 ], [ 2, 0, 1, 0, 1, 2, 0, 0 ], 
  [ 1, 1, 0, 2, 2, 0, 1, 2 ], [ 1, 0, 0, 0, 0, 0, 0, 2 ], 
  [ 2, 2, 0, 2, 2, 1, 1, 0 ], [ 2, 2, 2, 1, 1, 0, 1, 0 ] ]
CLASS n=4 order=14 size=195787966233600 fixed=-1 real=true M=
[ [ 0, 2, 0, 2, 2, 0, 1, 0 ], [ 2, 2, 0, 0, 2, 1, 0, 0 ], 
  [ 0, 0, 1, 1, 0, 0, 1, 2 ], [ 2, 2, 1, 1, 1, 2, 2, 2 ], 
  [ 1, 0, 0, 1, 2, 2, 1, 1 ], [ 1, 0, 2, 1, 0, 1, 0, 1 ], 
  [ 0, 2, 0, 0, 0, 1, 2, 1 ], [ 2, 2, 1, 0, 0, 0, 1, 0 ] ]
CLASS n=4 order=28 size=195787966233600 fixed=-1 real=true M=
[ [ 0, 2, 1, 0, 0, 2, 0, 2 ], [ 1, 1, 0, 1, 0, 2, 2, 1 ], 
  [ 1, 2, 2, 0, 0, 0, 2, 0 ], [ 1, 0, 0, 1, 2, 2, 2, 2 ], 
  [ 1, 2, 0, 2, 0, 1, 0, 1 ], [ 1, 2, 1, 2, 2, 0, 1, 1 ], 
  [ 1, 2, 1, 1, 0, 0, 1, 2 ], [ 2, 0, 1, 1, 2, 1, 1, 1 ] ]
CLASS n=4 order=28 size=195787966233600 fixed=-1 real=true M=
[ [ 2, 2, 2, 0, 2, 1, 2, 1 ], [ 1, 0, 2, 1, 2, 1, 2, 0 ], 
  [ 1, 2, 2, 0, 0, 0, 2, 0 ], [ 2, 1, 0, 1, 1, 1, 0, 1 ], 
  [ 0, 0, 2, 2, 0, 1, 2, 1 ], [ 2, 1, 2, 2, 2, 0, 2, 1 ], 
  [ 0, 0, 0, 1, 0, 0, 0, 2 ], [ 2, 2, 0, 1, 1, 0, 1, 0 ] ]
CLASS n=4 order=21 size=783151864934400 fixed=-1 real=false M=
[ [ 1, 2, 1, 0, 0, 0, 1, 1 ], [ 1, 2, 0, 0, 1, 0, 1, 2 ], 
  [ 0, 1, 1, 2, 1, 2, 0, 0 ], [ 1, 0, 1, 1, 2, 1, 0, 1 ], 
  [ 0, 2, 2, 0, 2, 2, 2, 0 ], [ 2, 0, 2, 0, 2, 1, 1, 2 ], 
  [ 2, 2, 2, 1, 2, 0, 2, 0 ], [ 0, 0, 0, 1, 2, 0, 2, 1 ] ]
CLASS n=4 order=21 size=783151864934400 fixed=-1 real=false M=
[ [ 2, 0, 1, 0, 2, 2, 2, 1 ], [ 2, 1, 0, 0, 2, 0, 2, 1 ], 
  [ 0, 2, 2, 1, 2, 1, 0, 0 ], [ 2, 1, 0, 2, 2, 0, 0, 0 ], 
  [ 0, 0, 0, 0, 0, 0, 1, 2 ], [ 1, 1, 2, 0, 2, 0, 2, 2 ], 
  [ 1, 0, 0, 2, 0, 2, 1, 2 ], [ 0, 0, 0, 2, 1, 0, 1, 2 ] ]
CLASS n=4 order=42 size=783151864934400 fixed=-1 real=false M=
[ [ 0, 1, 0, 2, 2, 1, 2, 0 ], [ 1, 1, 2, 0, 1, 0, 1, 2 ], 
  [ 1, 2, 2, 1, 2, 0, 1, 2 ], [ 0, 1, 0, 1, 2, 1, 2, 0 ], 
  [ 0, 2, 0, 0, 0, 0, 1, 0 ], [ 2, 2, 0, 1, 0, 2, 0, 2 ], 
  [ 1, 2, 0, 0, 2, 1, 2, 2 ], [ 2, 0, 0, 1, 1, 2, 0, 1 ] ]
CLASS n=4 order=42 size=783151864934400 fixed=-1 real=false M=
[ [ 0, 1, 2, 1, 0, 1, 1, 2 ], [ 2, 2, 1, 0, 2, 0, 2, 1 ], 
  [ 2, 1, 1, 2, 1, 0, 2, 1 ], [ 0, 0, 1, 2, 2, 0, 1, 1 ], 
  [ 0, 0, 2, 0, 2, 2, 2, 2 ], [ 1, 2, 1, 2, 1, 2, 0, 2 ], 
  [ 2, 0, 2, 0, 0, 1, 1, 0 ], [ 1, 0, 0, 2, 2, 1, 0, 2 ] ]
CLASS n=4 order=84 size=783151864934400 fixed=-1 real=false M=
[ [ 0, 1, 2, 2, 1, 2, 2, 0 ], [ 1, 1, 2, 1, 2, 1, 2, 2 ], 
  [ 0, 2, 0, 0, 2, 2, 0, 1 ], [ 1, 0, 1, 1, 1, 2, 2, 2 ], 
  [ 1, 1, 1, 2, 0, 2, 2, 0 ], [ 1, 2, 0, 1, 0, 0, 1, 1 ], 
  [ 0, 0, 0, 2, 0, 1, 2, 2 ], [ 0, 2, 2, 2, 1, 0, 1, 1 ] ]
CLASS n=4 order=84 size=783151864934400 fixed=-1 real=false M=
[ [ 2, 0, 0, 1, 2, 1, 0, 0 ], [ 2, 1, 0, 2, 0, 1, 1, 0 ], 
  [ 0, 1, 0, 0, 1, 1, 0, 2 ], [ 0, 0, 1, 2, 0, 2, 2, 2 ], 
  [ 1, 1, 2, 1, 1, 2, 0, 1 ], [ 0, 2, 0, 2, 2, 2, 0, 1 ], 
  [ 2, 2, 0, 1, 1, 0, 0, 2 ], [ 0, 0, 0, 1, 1, 2, 2, 1 ] ]
CLASS n=4 order=84 size=783151864934400 fixed=-1 real=false M=
[ [ 0, 0, 1, 2, 0, 1, 2, 2 ], [ 1, 1, 2, 1, 2, 1, 2, 2 ], 
  [ 0, 2, 0, 0, 2, 2, 0, 1 ], [ 1, 1, 2, 1, 2, 0, 2, 0 ], 
  [ 1, 0, 0, 2, 2, 1, 2, 2 ], [ 1, 0, 1, 1, 1, 1, 1, 2 ], 
  [ 0, 2, 2, 2, 2, 0, 2, 1 ], [ 0, 2, 2, 2, 1, 0, 1, 1 ] ]
CLASS n=4 order=84 size=783151864934400 fixed=-1 real=false M=
[ [ 2, 2, 2, 1, 1, 0, 0, 2 ], [ 2, 1, 0, 2, 0, 1, 1, 0 ], 
  [ 0, 1, 0, 0, 1, 1, 0, 2 ], [ 0, 1, 2, 2, 1, 0, 2, 0 ], 
  [ 1, 0, 1, 1, 0, 1, 0, 0 ], [ 0, 0, 1, 2, 0, 0, 0, 2 ], 
  [ 2, 1, 2, 1, 0, 2, 0, 1 ], [ 0, 0, 0, 1, 1, 2, 2, 1 ] ]
CLASS n=4 order=2 size=1258924680 fixed=-1 real=true M=
[ [ 1, 1, 1, 1, 0, 2, 1, 2 ], [ 1, 2, 1, 1, 2, 2, 0, 1 ], 
  [ 2, 1, 1, 1, 1, 0, 1, 2 ], [ 1, 2, 0, 2, 1, 0, 0, 2 ], 
  [ 1, 2, 0, 0, 0, 1, 2, 0 ], [ 2, 0, 1, 2, 0, 0, 0, 1 ], 
  [ 2, 2, 1, 2, 2, 0, 1, 2 ], [ 0, 2, 0, 2, 0, 1, 0, 2 ] ]
CLASS n=4 order=4 size=11420964696960 fixed=-1 real=true M=
[ [ 0, 1, 1, 0, 1, 1, 0, 0 ], [ 1, 0, 1, 0, 2, 1, 2, 1 ], 
  [ 1, 2, 1, 0, 1, 2, 1, 1 ], [ 1, 0, 2, 1, 0, 0, 1, 0 ], 
  [ 2, 0, 2, 1, 2, 0, 2, 0 ], [ 1, 0, 1, 1, 1, 1, 0, 2 ], 
  [ 2, 2, 1, 0, 2, 1, 0, 2 ], [ 1, 0, 2, 2, 2, 1, 1, 1 ] ]
CLASS n=4 order=8 size=822309458181120 fixed=-1 real=true M=
[ [ 1, 0, 0, 0, 2, 0, 1, 1 ], [ 2, 2, 1, 1, 1, 1, 0, 0 ], 
  [ 2, 0, 1, 0, 1, 0, 2, 2 ], [ 0, 1, 2, 1, 2, 1, 0, 0 ], 
  [ 2, 2, 2, 0, 0, 2, 1, 1 ], [ 1, 2, 1, 0, 1, 0, 2, 0 ], 
  [ 1, 0, 0, 0, 0, 2, 1, 0 ], [ 0, 1, 1, 0, 0, 2, 2, 0 ] ]
CLASS n=4 order=5 size=18273543515136 fixed=-1 real=true M=
[ [ 0, 2, 2, 0, 1, 2, 1, 1 ], [ 0, 0, 0, 1, 1, 0, 2, 0 ], 
  [ 1, 0, 1, 1, 0, 0, 2, 2 ], [ 0, 1, 2, 1, 2, 0, 2, 1 ], 
  [ 0, 0, 0, 0, 2, 1, 1, 1 ], [ 1, 1, 1, 0, 1, 1, 0, 0 ], 
  [ 1, 1, 1, 2, 2, 0, 0, 2 ], [ 0, 0, 1, 2, 0, 1, 2, 0 ] ]
CLASS n=4 order=10 size=657847566544896 fixed=-1 real=true M=
[ [ 0, 1, 2, 0, 0, 0, 2, 0 ], [ 2, 1, 0, 1, 2, 0, 2, 2 ], 
  [ 1, 1, 0, 0, 1, 0, 1, 2 ], [ 1, 2, 2, 2, 1, 2, 1, 0 ], 
  [ 2, 1, 1, 0, 2, 2, 1, 1 ], [ 2, 1, 2, 2, 2, 2, 0, 2 ], 
  [ 1, 2, 2, 1, 2, 2, 2, 1 ], [ 0, 2, 0, 0, 0, 1, 0, 0 ] ]
CLASS n=4 order=10 size=822309458181120 fixed=-1 real=true M=
[ [ 2, 1, 1, 1, 0, 0, 0, 0 ], [ 0, 1, 0, 2, 2, 1, 2, 2 ], 
  [ 2, 0, 0, 2, 1, 0, 2, 2 ], [ 0, 1, 2, 0, 1, 2, 2, 1 ], 
  [ 2, 2, 1, 2, 0, 0, 0, 2 ], [ 1, 2, 0, 0, 0, 2, 2, 2 ], 
  [ 2, 1, 0, 0, 2, 0, 2, 1 ], [ 0, 2, 0, 2, 0, 1, 0, 2 ] ]
CLASS n=4 order=20 size=1644618916362240 fixed=-1 real=true M=
[ [ 2, 1, 1, 1, 2, 0, 0, 0 ], [ 2, 1, 1, 2, 2, 0, 0, 1 ], 
  [ 0, 2, 2, 0, 0, 2, 1, 2 ], [ 1, 0, 1, 0, 1, 1, 2, 0 ], 
  [ 0, 0, 2, 1, 2, 2, 1, 1 ], [ 1, 1, 1, 2, 0, 2, 2, 2 ], 
  [ 0, 0, 2, 1, 1, 2, 1, 2 ], [ 1, 0, 1, 2, 2, 0, 2, 0 ] ]
CLASS n=4 order=40 size=1644618916362240 fixed=-1 real=true M=
[ [ 0, 1, 1, 1, 0, 1, 0, 0 ], [ 2, 0, 0, 0, 0, 1, 2, 1 ], 
  [ 1, 2, 1, 1, 2, 2, 0, 2 ], [ 0, 0, 2, 1, 2, 0, 0, 1 ], 
  [ 2, 0, 0, 0, 1, 0, 0, 2 ], [ 1, 0, 2, 0, 0, 0, 1, 2 ], 
  [ 2, 2, 0, 1, 2, 0, 2, 0 ], [ 2, 2, 1, 0, 0, 1, 1, 0 ] ]
CLASS n=4 order=40 size=1644618916362240 fixed=-1 real=true M=
[ [ 2, 2, 0, 2, 0, 0, 2, 0 ], [ 0, 1, 1, 0, 0, 2, 1, 2 ], 
  [ 0, 1, 1, 0, 0, 0, 0, 0 ], [ 1, 2, 1, 2, 1, 1, 1, 0 ], 
  [ 1, 1, 2, 1, 1, 0, 0, 2 ], [ 1, 2, 0, 1, 1, 1, 0, 2 ], 
  [ 1, 0, 0, 1, 0, 0, 2, 1 ], [ 1, 2, 1, 1, 0, 1, 0, 0 ] ]
CLASS n=4 order=41 size=1604506259865600 fixed=-1 real=true M=
[ [ 2, 2, 1, 2, 2, 0, 0, 1 ], [ 2, 0, 1, 0, 2, 2, 0, 0 ], 
  [ 2, 1, 2, 1, 0, 0, 1, 0 ], [ 0, 0, 0, 0, 1, 1, 2, 1 ], 
  [ 1, 1, 1, 2, 0, 1, 2, 2 ], [ 2, 1, 1, 1, 2, 2, 1, 2 ], 
  [ 2, 2, 1, 2, 1, 1, 2, 1 ], [ 0, 0, 2, 2, 1, 0, 1, 1 ] ]
CLASS n=4 order=41 size=1604506259865600 fixed=-1 real=true M=
[ [ 0, 0, 0, 0, 2, 1, 1, 0 ], [ 1, 0, 2, 1, 2, 2, 2, 2 ], 
  [ 2, 2, 0, 0, 0, 0, 1, 0 ], [ 2, 0, 1, 1, 2, 0, 2, 2 ], 
  [ 1, 2, 1, 0, 2, 2, 0, 1 ], [ 0, 0, 2, 0, 0, 0, 2, 0 ], 
  [ 0, 2, 2, 1, 1, 1, 0, 2 ], [ 2, 2, 2, 0, 2, 1, 2, 0 ] ]
CLASS n=4 order=41 size=1604506259865600 fixed=-1 real=true M=
[ [ 0, 0, 1, 2, 0, 1, 1, 2 ], [ 0, 0, 2, 2, 2, 1, 0, 2 ], 
  [ 0, 1, 1, 2, 1, 2, 1, 0 ], [ 0, 1, 2, 1, 0, 2, 1, 2 ], 
  [ 1, 0, 1, 0, 0, 1, 0, 2 ], [ 0, 2, 0, 1, 1, 0, 2, 1 ], 
  [ 2, 0, 2, 2, 2, 1, 0, 1 ], [ 1, 1, 1, 2, 2, 2, 2, 0 ] ]
CLASS n=4 order=41 size=1604506259865600 fixed=-1 real=true M=
[ [ 1, 1, 2, 1, 1, 1, 1, 1 ], [ 2, 2, 2, 1, 0, 1, 0, 0 ], 
  [ 0, 1, 1, 1, 0, 2, 2, 1 ], [ 1, 2, 2, 1, 2, 1, 1, 1 ], 
  [ 0, 0, 0, 1, 2, 0, 0, 0 ], [ 0, 2, 2, 1, 1, 0, 2, 1 ], 
  [ 1, 2, 2, 0, 0, 1, 0, 0 ], [ 2, 0, 1, 2, 2, 2, 1, 0 ] ]
CLASS n=4 order=41 size=1604506259865600 fixed=-1 real=true M=
[ [ 1, 0, 0, 0, 0, 1, 2, 2 ], [ 1, 1, 0, 1, 2, 0, 2, 0 ], 
  [ 0, 2, 1, 2, 0, 1, 1, 0 ], [ 0, 0, 0, 2, 2, 2, 0, 1 ], 
  [ 2, 0, 2, 1, 1, 0, 0, 2 ], [ 2, 0, 2, 0, 1, 2, 1, 0 ], 
  [ 1, 2, 1, 0, 2, 0, 0, 0 ], [ 0, 0, 0, 1, 1, 0, 1, 0 ] ]
CLASS n=4 order=5 size=253799215488 fixed=-1 real=true M=
[ [ 2, 2, 1, 0, 2, 1, 1, 1 ], [ 1, 2, 2, 1, 1, 0, 1, 0 ], 
  [ 2, 0, 1, 0, 2, 0, 2, 2 ], [ 1, 0, 1, 0, 1, 1, 1, 2 ], 
  [ 1, 2, 2, 2, 0, 2, 1, 2 ], [ 0, 1, 0, 0, 0, 2, 0, 0 ], 
  [ 0, 2, 1, 2, 0, 0, 1, 1 ], [ 1, 1, 2, 1, 1, 0, 1, 1 ] ]
CLASS n=4 order=10 size=253799215488 fixed=-1 real=true M=
[ [ 1, 1, 0, 0, 0, 1, 0, 0 ], [ 1, 0, 0, 0, 1, 2, 1, 1 ], 
  [ 1, 2, 0, 1, 1, 1, 1, 0 ], [ 0, 1, 0, 2, 1, 2, 0, 2 ], 
  [ 1, 1, 2, 2, 0, 1, 1, 2 ], [ 0, 1, 1, 0, 1, 1, 0, 0 ], 
  [ 1, 2, 1, 2, 1, 0, 2, 2 ], [ 1, 2, 0, 0, 1, 2, 1, 2 ] ]
CLASS n=4 order=15 size=10151968619520 fixed=-1 real=false M=
[ [ 2, 0, 1, 1, 0, 1, 1, 0 ], [ 1, 1, 2, 0, 0, 1, 1, 1 ], 
  [ 1, 0, 2, 0, 2, 1, 1, 1 ], [ 1, 1, 1, 2, 0, 0, 1, 0 ], 
  [ 0, 2, 1, 1, 0, 0, 0, 2 ], [ 1, 1, 2, 1, 1, 1, 1, 0 ], 
  [ 1, 0, 0, 0, 1, 1, 2, 1 ], [ 1, 0, 2, 0, 0, 1, 1, 2 ] ]
CLASS n=4 order=15 size=10151968619520 fixed=-1 real=false M=
[ [ 2, 2, 0, 2, 0, 0, 1, 2 ], [ 1, 1, 2, 0, 0, 1, 1, 1 ], 
  [ 1, 1, 0, 2, 2, 2, 1, 2 ], [ 1, 2, 2, 1, 0, 1, 1, 1 ], 
  [ 0, 1, 0, 2, 0, 2, 0, 1 ], [ 1, 1, 2, 1, 1, 1, 1, 0 ], 
  [ 1, 2, 2, 1, 1, 0, 2, 0 ], [ 1, 0, 2, 0, 0, 1, 1, 2 ] ]
CLASS n=4 order=30 size=10151968619520 fixed=-1 real=false M=
[ [ 0, 1, 0, 0, 1, 2, 1, 1 ], [ 1, 0, 0, 0, 1, 1, 1, 1 ], 
  [ 1, 2, 2, 2, 0, 0, 1, 2 ], [ 0, 1, 2, 2, 2, 1, 0, 0 ], 
  [ 2, 2, 0, 1, 2, 1, 2, 1 ], [ 0, 0, 2, 1, 0, 1, 0, 2 ], 
  [ 1, 0, 0, 1, 2, 2, 0, 0 ], [ 1, 1, 0, 0, 1, 1, 1, 0 ] ]
CLASS n=4 order=30 size=10151968619520 fixed=-1 real=false M=
[ [ 0, 0, 1, 2, 2, 2, 2, 0 ], [ 2, 0, 0, 0, 2, 2, 2, 2 ], 
  [ 2, 0, 0, 2, 0, 2, 2, 0 ], [ 0, 1, 0, 2, 1, 1, 0, 2 ], 
  [ 1, 2, 1, 1, 1, 0, 1, 0 ], [ 0, 0, 1, 2, 0, 2, 0, 1 ], 
  [ 2, 1, 1, 1, 1, 2, 0, 1 ], [ 2, 2, 0, 0, 2, 2, 2, 0 ] ]
CLASS n=4 order=45 size=730941740605440 fixed=-1 real=false M=
[ [ 2, 2, 2, 1, 1, 0, 1, 1 ], [ 2, 2, 2, 2, 0, 1, 2, 0 ], 
  [ 1, 1, 0, 0, 0, 1, 1, 0 ], [ 1, 1, 0, 2, 0, 1, 0, 1 ], 
  [ 0, 1, 1, 0, 2, 1, 0, 1 ], [ 2, 2, 2, 2, 0, 0, 2, 0 ], 
  [ 0, 0, 2, 2, 0, 0, 2, 0 ], [ 2, 0, 0, 0, 0, 0, 1, 2 ] ]
CLASS n=4 order=45 size=730941740605440 fixed=-1 real=false M=
[ [ 1, 1, 1, 0, 2, 2, 0, 1 ], [ 1, 1, 1, 1, 0, 2, 1, 0 ], 
  [ 2, 0, 1, 1, 0, 1, 1, 2 ], [ 2, 2, 1, 0, 0, 0, 0, 1 ], 
  [ 0, 1, 1, 2, 1, 0, 1, 0 ], [ 1, 1, 1, 1, 0, 0, 1, 0 ], 
  [ 0, 2, 2, 0, 0, 1, 1, 0 ], [ 1, 2, 0, 1, 0, 2, 0, 1 ] ]
CLASS n=4 order=90 size=730941740605440 fixed=-1 real=false M=
[ [ 0, 2, 2, 2, 1, 1, 1, 1 ], [ 2, 1, 0, 1, 0, 1, 2, 1 ], 
  [ 0, 1, 2, 0, 0, 0, 1, 2 ], [ 0, 1, 1, 1, 2, 1, 2, 0 ], 
  [ 2, 1, 2, 1, 1, 0, 1, 2 ], [ 2, 0, 2, 1, 2, 0, 2, 1 ], 
  [ 1, 1, 0, 0, 0, 1, 0, 1 ], [ 2, 0, 1, 1, 0, 1, 0, 0 ] ]
CLASS n=4 order=90 size=730941740605440 fixed=-1 real=false M=
[ [ 0, 0, 0, 2, 1, 1, 2, 1 ], [ 2, 1, 0, 1, 0, 1, 2, 1 ], 
  [ 0, 1, 2, 2, 0, 1, 0, 0 ], [ 0, 0, 1, 1, 2, 1, 2, 1 ], 
  [ 2, 1, 2, 2, 1, 2, 2, 1 ], [ 2, 0, 2, 1, 2, 0, 2, 1 ], 
  [ 1, 1, 2, 1, 0, 0, 0, 2 ], [ 2, 2, 1, 2, 0, 0, 1, 0 ] ]
CLASS n=4 order=12 size=1305551520 fixed=-1 real=false M=
[ [ 1, 2, 1, 0, 1, 1, 1, 0 ], [ 2, 0, 0, 2, 2, 0, 2, 2 ], 
  [ 1, 1, 1, 1, 1, 0, 1, 1 ], [ 2, 1, 0, 0, 2, 1, 0, 1 ], 
  [ 1, 2, 2, 1, 1, 2, 0, 1 ], [ 1, 0, 0, 1, 1, 2, 2, 0 ], 
  [ 1, 1, 1, 1, 2, 0, 2, 2 ], [ 1, 0, 1, 1, 2, 1, 2, 2 ] ]
CLASS n=4 order=12 size=1305551520 fixed=-1 real=false M=
[ [ 1, 2, 1, 0, 1, 1, 1, 0 ], [ 2, 0, 0, 2, 2, 0, 2, 2 ], 
  [ 1, 1, 1, 1, 1, 0, 1, 1 ], [ 2, 1, 2, 0, 1, 1, 0, 0 ], 
  [ 1, 2, 2, 1, 1, 2, 0, 1 ], [ 1, 0, 2, 1, 0, 2, 2, 2 ], 
  [ 1, 1, 2, 1, 0, 0, 2, 0 ], [ 1, 0, 1, 1, 2, 1, 2, 2 ] ]
CLASS n=4 order=36 size=8459973849600 fixed=-1 real=false M=
[ [ 2, 0, 1, 0, 0, 2, 2, 0 ], [ 1, 0, 1, 1, 1, 2, 0, 1 ], 
  [ 2, 2, 2, 2, 0, 1, 0, 0 ], [ 0, 2, 1, 1, 0, 2, 1, 2 ], 
  [ 0, 1, 1, 0, 0, 2, 2, 2 ], [ 0, 1, 0, 2, 0, 0, 0, 1 ], 
  [ 1, 0, 2, 2, 1, 0, 1, 0 ], [ 1, 0, 2, 1, 2, 0, 1, 0 ] ]
CLASS n=4 order=36 size=8459973849600 fixed=-1 real=false M=
[ [ 2, 2, 1, 1, 1, 1, 2, 2 ], [ 0, 2, 1, 0, 0, 1, 1, 1 ], 
  [ 0, 2, 1, 0, 1, 2, 2, 0 ], [ 2, 2, 1, 2, 1, 0, 1, 1 ], 
  [ 0, 2, 0, 0, 1, 1, 1, 2 ], [ 1, 1, 1, 0, 1, 2, 1, 1 ], 
  [ 0, 2, 1, 1, 0, 1, 0, 2 ], [ 0, 2, 0, 0, 2, 0, 0, 2 ] ]
CLASS n=4 order=12 size=50759843097600 fixed=-1 real=false M=
[ [ 0, 2, 1, 2, 2, 1, 1, 0 ], [ 2, 0, 2, 1, 2, 1, 2, 2 ], 
  [ 0, 2, 2, 0, 1, 0, 1, 2 ], [ 2, 0, 2, 0, 1, 2, 1, 2 ], 
  [ 1, 1, 0, 2, 2, 1, 0, 0 ], [ 0, 1, 2, 0, 1, 1, 2, 0 ], 
  [ 2, 2, 2, 1, 1, 1, 1, 0 ], [ 2, 0, 1, 0, 2, 0, 2, 2 ] ]
CLASS n=4 order=12 size=50759843097600 fixed=-1 real=false M=
[ [ 1, 0, 0, 1, 1, 2, 2, 1 ], [ 2, 0, 1, 0, 1, 2, 0, 1 ], 
  [ 1, 1, 0, 0, 0, 1, 0, 2 ], [ 1, 1, 1, 2, 1, 0, 2, 2 ], 
  [ 1, 1, 2, 0, 0, 1, 0, 0 ], [ 1, 0, 2, 1, 0, 0, 1, 0 ], 
  [ 2, 1, 2, 1, 1, 1, 2, 2 ], [ 0, 1, 2, 1, 0, 2, 2, 2 ] ]
CLASS n=4 order=12 size=939997094400 fixed=-1 real=false M=
[ [ 1, 0, 2, 1, 1, 1, 0, 1 ], [ 0, 0, 2, 0, 1, 2, 1, 2 ], 
  [ 1, 1, 1, 0, 0, 2, 2, 2 ], [ 2, 1, 1, 2, 0, 2, 0, 0 ], 
  [ 1, 1, 1, 0, 1, 0, 2, 0 ], [ 0, 2, 1, 2, 2, 1, 1, 1 ], 
  [ 1, 1, 0, 1, 1, 0, 2, 1 ], [ 0, 0, 1, 2, 0, 2, 2, 1 ] ]
CLASS n=4 order=12 size=939997094400 fixed=-1 real=false M=
[ [ 0, 0, 1, 2, 2, 2, 0, 2 ], [ 1, 1, 0, 1, 2, 0, 1, 2 ], 
  [ 0, 2, 2, 2, 1, 0, 1, 2 ], [ 0, 2, 0, 1, 0, 2, 1, 2 ], 
  [ 0, 2, 1, 1, 0, 2, 0, 1 ], [ 1, 1, 1, 1, 0, 2, 0, 0 ], 
  [ 1, 2, 1, 1, 2, 1, 0, 1 ], [ 0, 0, 2, 0, 2, 1, 0, 0 ] ]
CLASS n=4 order=12 size=9517470580800 fixed=-1 real=true M=
[ [ 0, 0, 1, 1, 1, 0, 1, 1 ], [ 0, 0, 1, 0, 0, 0, 2, 1 ], 
  [ 2, 0, 0, 1, 0, 2, 2, 2 ], [ 1, 0, 0, 0, 1, 0, 0, 0 ], 
  [ 0, 1, 2, 2, 1, 2, 2, 0 ], [ 2, 2, 0, 2, 2, 1, 1, 1 ], 
  [ 2, 2, 1, 0, 0, 1, 0, 0 ], [ 1, 1, 1, 1, 0, 2, 0, 1 ] ]
CLASS n=4 order=6 size=1409995641600 fixed=-1 real=true M=
[ [ 0, 1, 0, 0, 1, 2, 1, 1 ], [ 0, 2, 2, 0, 2, 1, 0, 1 ], 
  [ 1, 0, 1, 2, 2, 2, 1, 1 ], [ 2, 2, 1, 2, 2, 0, 1, 1 ], 
  [ 1, 1, 1, 2, 2, 1, 2, 0 ], [ 0, 2, 1, 2, 2, 1, 1, 1 ], 
  [ 0, 0, 1, 0, 0, 2, 1, 2 ], [ 0, 2, 1, 1, 2, 2, 1, 0 ] ]
CLASS n=4 order=12 size=152279529292800 fixed=-1 real=false M=
[ [ 2, 2, 0, 2, 0, 2, 0, 2 ], [ 2, 1, 0, 2, 1, 2, 2, 2 ], 
  [ 1, 1, 2, 1, 0, 0, 1, 1 ], [ 2, 2, 2, 0, 1, 1, 0, 0 ], 
  [ 1, 1, 0, 2, 1, 0, 2, 1 ], [ 2, 1, 1, 1, 1, 1, 0, 0 ], 
  [ 2, 1, 2, 0, 1, 0, 2, 2 ], [ 1, 1, 0, 1, 1, 2, 2, 0 ] ]
CLASS n=4 order=12 size=152279529292800 fixed=-1 real=false M=
[ [ 0, 2, 0, 0, 0, 0, 2, 2 ], [ 1, 0, 0, 1, 2, 0, 2, 2 ], 
  [ 1, 2, 0, 2, 1, 1, 2, 0 ], [ 1, 1, 1, 2, 1, 2, 2, 0 ], 
  [ 0, 1, 0, 1, 1, 1, 1, 1 ], [ 2, 1, 0, 2, 1, 2, 2, 1 ], 
  [ 0, 0, 1, 1, 1, 2, 2, 2 ], [ 1, 2, 1, 1, 2, 0, 1, 2 ] ]
CLASS n=4 order=12 size=76139764646400 fixed=-1 real=false M=
[ [ 2, 0, 2, 0, 1, 0, 2, 1 ], [ 2, 1, 1, 2, 1, 2, 0, 1 ], 
  [ 2, 1, 1, 1, 0, 0, 2, 2 ], [ 0, 0, 1, 0, 0, 0, 1, 2 ], 
  [ 1, 2, 1, 0, 2, 2, 2, 1 ], [ 1, 1, 1, 0, 0, 1, 0, 0 ], 
  [ 0, 0, 0, 1, 1, 0, 2, 0 ], [ 1, 0, 2, 1, 0, 0, 2, 0 ] ]
CLASS n=4 order=12 size=76139764646400 fixed=-1 real=false M=
[ [ 2, 0, 2, 1, 2, 0, 0, 1 ], [ 0, 1, 1, 1, 2, 2, 0, 1 ], 
  [ 2, 0, 0, 0, 2, 2, 1, 2 ], [ 0, 0, 1, 2, 2, 0, 0, 2 ], 
  [ 1, 2, 1, 1, 0, 2, 0, 1 ], [ 0, 2, 2, 2, 0, 2, 1, 0 ], 
  [ 0, 0, 0, 1, 1, 0, 2, 0 ], [ 2, 1, 0, 1, 2, 1, 0, 0 ] ]
CLASS n=4 order=6 size=23499927360 fixed=-1 real=true M=
[ [ 0, 2, 1, 1, 0, 1, 2, 0 ], [ 0, 2, 2, 1, 2, 1, 1, 2 ], 
  [ 2, 2, 2, 1, 2, 0, 1, 2 ], [ 2, 2, 1, 2, 0, 2, 0, 0 ], 
  [ 1, 0, 1, 1, 0, 0, 0, 1 ], [ 2, 1, 2, 2, 1, 1, 0, 1 ], 
  [ 1, 2, 1, 1, 2, 1, 2, 2 ], [ 2, 1, 1, 0, 1, 0, 0, 0 ] ]
CLASS n=4 order=15 size=121823623434240 fixed=-1 real=true M=
[ [ 1, 0, 1, 0, 1, 1, 2, 0 ], [ 0, 0, 1, 2, 2, 0, 0, 2 ], 
  [ 1, 1, 2, 1, 2, 0, 0, 0 ], [ 0, 1, 0, 2, 1, 1, 2, 0 ], 
  [ 0, 2, 1, 2, 2, 2, 2, 1 ], [ 0, 1, 0, 2, 0, 2, 0, 2 ], 
  [ 0, 0, 2, 2, 0, 2, 1, 1 ], [ 2, 0, 2, 0, 0, 2, 0, 2 ] ]
CLASS n=4 order=30 size=121823623434240 fixed=-1 real=true M=
[ [ 1, 1, 1, 2, 1, 2, 2, 2 ], [ 2, 0, 0, 0, 1, 1, 0, 2 ], 
  [ 0, 2, 1, 1, 1, 1, 2, 2 ], [ 2, 1, 0, 1, 1, 0, 2, 0 ], 
  [ 0, 1, 2, 2, 2, 1, 2, 1 ], [ 2, 0, 1, 2, 1, 0, 1, 0 ], 
  [ 0, 0, 1, 2, 2, 2, 0, 1 ], [ 1, 0, 1, 0, 0, 2, 1, 0 ] ]
CLASS n=4 order=10 size=22841929393920 fixed=-1 real=true M=
[ [ 0, 1, 0, 2, 1, 0, 0, 0 ], [ 0, 0, 1, 2, 1, 0, 1, 1 ], 
  [ 0, 2, 1, 0, 1, 2, 2, 2 ], [ 2, 2, 2, 1, 1, 0, 0, 0 ], 
  [ 0, 2, 1, 2, 0, 2, 1, 2 ], [ 0, 0, 1, 1, 2, 2, 2, 1 ], 
  [ 0, 1, 1, 0, 1, 2, 2, 2 ], [ 1, 2, 0, 0, 0, 1, 0, 2 ] ]
CLASS n=4 order=15 size=60911811717120 fixed=-1 real=true M=
[ [ 2, 2, 0, 1, 0, 1, 2, 1 ], [ 1, 0, 2, 2, 2, 1, 0, 2 ], 
  [ 1, 0, 1, 1, 1, 2, 0, 2 ], [ 0, 1, 1, 1, 1, 1, 1, 2 ], 
  [ 2, 0, 0, 0, 2, 1, 0, 0 ], [ 1, 1, 2, 1, 1, 0, 2, 1 ], 
  [ 2, 1, 2, 0, 0, 2, 2, 0 ], [ 1, 2, 1, 0, 2, 2, 1, 1 ] ]
CLASS n=4 order=30 size=365470870302720 fixed=-1 real=false M=
[ [ 1, 2, 1, 2, 2, 2, 1, 2 ], [ 2, 1, 2, 0, 1, 1, 0, 2 ], 
  [ 2, 2, 1, 0, 2, 2, 1, 0 ], [ 2, 0, 2, 1, 0, 0, 0, 1 ], 
  [ 0, 0, 0, 0, 1, 1, 0, 0 ], [ 1, 0, 0, 0, 0, 1, 0, 0 ], 
  [ 1, 1, 1, 1, 1, 1, 0, 2 ], [ 1, 0, 2, 0, 0, 0, 1, 2 ] ]
CLASS n=4 order=30 size=365470870302720 fixed=-1 real=false M=
[ [ 0, 2, 1, 1, 0, 2, 0, 0 ], [ 1, 1, 2, 2, 0, 2, 0, 2 ], 
  [ 2, 1, 2, 2, 1, 2, 0, 0 ], [ 2, 1, 0, 2, 2, 1, 1, 1 ], 
  [ 0, 1, 2, 1, 1, 2, 0, 2 ], [ 0, 1, 2, 0, 2, 0, 1, 2 ], 
  [ 1, 1, 0, 2, 0, 1, 2, 2 ], [ 2, 2, 2, 2, 1, 0, 2, 2 ] ]
CLASS n=4 order=30 size=91367717575680 fixed=-1 real=false M=
[ [ 0, 2, 2, 1, 0, 1, 2, 2 ], [ 1, 0, 1, 2, 0, 1, 0, 0 ], 
  [ 0, 1, 1, 2, 1, 2, 1, 0 ], [ 2, 0, 1, 1, 2, 1, 0, 1 ], 
  [ 2, 0, 0, 2, 2, 0, 0, 1 ], [ 2, 1, 2, 1, 1, 0, 0, 1 ], 
  [ 1, 0, 0, 1, 1, 1, 2, 1 ], [ 0, 0, 0, 1, 1, 2, 1, 2 ] ]
CLASS n=4 order=30 size=91367717575680 fixed=-1 real=false M=
[ [ 0, 1, 1, 2, 0, 2, 1, 1 ], [ 1, 0, 2, 2, 0, 1, 2, 0 ], 
  [ 2, 2, 2, 2, 2, 0, 1, 0 ], [ 1, 0, 2, 2, 1, 2, 0, 2 ], 
  [ 2, 0, 0, 0, 1, 1, 1, 2 ], [ 1, 2, 1, 2, 2, 0, 0, 2 ], 
  [ 2, 0, 0, 2, 2, 2, 1, 2 ], [ 2, 0, 0, 0, 2, 0, 1, 1 ] ]
CLASS n=4 order=30 size=60911811717120 fixed=-1 real=true M=
[ [ 0, 2, 0, 0, 1, 2, 2, 2 ], [ 2, 0, 1, 2, 1, 0, 2, 1 ], 
  [ 1, 0, 0, 2, 1, 0, 0, 2 ], [ 2, 1, 1, 2, 2, 0, 2, 0 ], 
  [ 2, 0, 1, 2, 0, 0, 2, 1 ], [ 0, 1, 2, 2, 1, 2, 1, 1 ], 
  [ 0, 1, 2, 2, 0, 0, 0, 0 ], [ 1, 2, 0, 1, 2, 0, 1, 1 ] ]
CLASS n=4 order=12 size=105749673120 fixed=-1 real=false M=
[ [ 0, 1, 2, 2, 0, 2, 1, 0 ], [ 0, 0, 2, 1, 0, 2, 1, 0 ], 
  [ 1, 0, 2, 1, 0, 0, 1, 0 ], [ 1, 1, 2, 1, 0, 1, 0, 0 ], 
  [ 2, 1, 1, 0, 1, 0, 1, 0 ], [ 1, 1, 2, 0, 1, 2, 2, 1 ], 
  [ 2, 2, 1, 0, 2, 2, 2, 2 ], [ 1, 2, 2, 0, 2, 0, 0, 0 ] ]
CLASS n=4 order=12 size=105749673120 fixed=-1 real=false M=
[ [ 0, 2, 1, 1, 0, 1, 2, 0 ], [ 2, 0, 1, 0, 0, 0, 1, 0 ], 
  [ 1, 0, 1, 0, 0, 2, 1, 0 ], [ 2, 2, 1, 2, 0, 2, 0, 0 ], 
  [ 2, 2, 2, 2, 2, 1, 0, 0 ], [ 2, 2, 1, 0, 2, 1, 1, 2 ], 
  [ 1, 1, 2, 0, 1, 1, 1, 1 ], [ 1, 1, 1, 1, 1, 2, 2, 0 ] ]
CLASS n=4 order=20 size=137051576363520 fixed=-1 real=true M=
[ [ 0, 2, 1, 0, 1, 1, 1, 1 ], [ 0, 1, 0, 1, 0, 1, 2, 1 ], 
  [ 1, 2, 2, 0, 0, 0, 2, 1 ], [ 0, 0, 2, 0, 2, 1, 2, 0 ], 
  [ 1, 0, 2, 0, 2, 0, 0, 1 ], [ 0, 0, 0, 1, 1, 0, 1, 1 ], 
  [ 2, 1, 1, 0, 0, 2, 2, 1 ], [ 2, 0, 0, 1, 0, 0, 2, 2 ] ]
CLASS n=4 order=60 size=548206305454080 fixed=-1 real=false M=
[ [ 2, 0, 2, 2, 1, 1, 0, 2 ], [ 2, 2, 2, 1, 1, 0, 0, 1 ], 
  [ 0, 0, 0, 0, 1, 2, 2, 2 ], [ 1, 2, 0, 1, 2, 2, 0, 0 ], 
  [ 2, 1, 0, 0, 0, 0, 1, 1 ], [ 2, 2, 1, 1, 1, 1, 2, 1 ], 
  [ 1, 0, 0, 0, 0, 1, 2, 0 ], [ 1, 1, 1, 0, 2, 0, 2, 1 ] ]
CLASS n=4 order=60 size=548206305454080 fixed=-1 real=false M=
[ [ 2, 0, 2, 2, 1, 1, 0, 2 ], [ 0, 2, 2, 0, 1, 1, 1, 1 ], 
  [ 1, 0, 0, 2, 1, 0, 0, 2 ], [ 1, 2, 0, 1, 2, 2, 0, 0 ], 
  [ 1, 1, 0, 1, 0, 2, 0, 1 ], [ 2, 2, 1, 1, 1, 1, 2, 1 ], 
  [ 1, 0, 0, 0, 0, 1, 2, 0 ], [ 2, 1, 1, 2, 2, 1, 0, 1 ] ]
CLASS n=4 order=30 size=91367717575680 fixed=-1 real=false M=
[ [ 1, 1, 1, 1, 1, 0, 1, 2 ], [ 2, 1, 0, 0, 2, 0, 0, 2 ], 
  [ 2, 0, 0, 1, 2, 1, 0, 0 ], [ 0, 0, 2, 0, 2, 1, 1, 0 ], 
  [ 2, 2, 2, 1, 2, 0, 1, 0 ], [ 2, 0, 0, 2, 2, 1, 0, 2 ], 
  [ 1, 2, 1, 2, 2, 1, 1, 2 ], [ 0, 0, 2, 0, 2, 2, 2, 1 ] ]
CLASS n=4 order=30 size=91367717575680 fixed=-1 real=false M=
[ [ 1, 1, 1, 1, 1, 0, 1, 2 ], [ 1, 1, 0, 1, 2, 2, 2, 2 ], 
  [ 1, 0, 0, 2, 2, 0, 2, 0 ], [ 0, 0, 2, 0, 2, 1, 1, 0 ], 
  [ 0, 2, 2, 0, 2, 1, 2, 0 ], [ 2, 0, 0, 2, 2, 1, 0, 2 ], 
  [ 1, 2, 1, 2, 2, 1, 1, 2 ], [ 2, 0, 2, 1, 2, 1, 1, 1 ] ]
CLASS n=4 order=36 size=304559058585600 fixed=-1 real=false M=
[ [ 2, 0, 2, 1, 2, 0, 1, 2 ], [ 1, 0, 2, 1, 0, 2, 2, 1 ], 
  [ 0, 0, 1, 2, 1, 1, 1, 0 ], [ 0, 2, 0, 0, 0, 0, 1, 1 ], 
  [ 1, 0, 2, 2, 1, 2, 2, 1 ], [ 1, 0, 2, 0, 1, 0, 0, 2 ], 
  [ 2, 1, 0, 2, 1, 0, 1, 2 ], [ 2, 0, 2, 1, 2, 2, 2, 0 ] ]
CLASS n=4 order=36 size=304559058585600 fixed=-1 real=false M=
[ [ 2, 0, 2, 1, 0, 0, 2, 2 ], [ 0, 2, 0, 2, 1, 2, 2, 0 ], 
  [ 0, 2, 2, 1, 1, 2, 1, 2 ], [ 2, 0, 2, 0, 0, 1, 1, 2 ], 
  [ 1, 0, 0, 1, 0, 2, 1, 0 ], [ 0, 1, 1, 1, 2, 2, 2, 2 ], 
  [ 0, 0, 0, 0, 1, 1, 2, 2 ], [ 2, 0, 0, 0, 0, 1, 0, 0 ] ]
CLASS n=4 order=12 size=12689960774400 fixed=-1 real=true M=
[ [ 0, 0, 2, 0, 2, 0, 0, 1 ], [ 2, 2, 1, 2, 1, 1, 2, 2 ], 
  [ 1, 1, 2, 2, 0, 1, 0, 2 ], [ 1, 0, 2, 2, 0, 2, 2, 0 ], 
  [ 2, 0, 1, 1, 0, 0, 2, 0 ], [ 1, 2, 2, 0, 0, 0, 0, 1 ], 
  [ 2, 1, 2, 1, 2, 0, 2, 1 ], [ 1, 1, 0, 1, 0, 1, 1, 0 ] ]
CLASS n=4 order=24 size=456838587878400 fixed=-1 real=true M=
[ [ 0, 2, 1, 2, 0, 0, 2, 2 ], [ 0, 1, 0, 2, 2, 2, 2, 0 ], 
  [ 1, 0, 2, 2, 0, 2, 0, 2 ], [ 2, 2, 2, 1, 2, 1, 2, 1 ], 
  [ 2, 0, 1, 1, 1, 0, 2, 0 ], [ 0, 1, 2, 2, 0, 2, 2, 0 ], 
  [ 1, 0, 2, 0, 0, 0, 1, 1 ], [ 1, 0, 0, 2, 1, 2, 1, 1 ] ]
CLASS n=4 order=36 size=33839895398400 fixed=-1 real=false M=
[ [ 0, 2, 2, 2, 0, 2, 1, 0 ], [ 1, 1, 2, 0, 1, 2, 2, 0 ], 
  [ 1, 1, 1, 2, 0, 2, 1, 0 ], [ 2, 0, 1, 1, 0, 1, 1, 1 ], 
  [ 0, 1, 2, 1, 1, 0, 1, 1 ], [ 0, 0, 1, 0, 1, 0, 2, 1 ], 
  [ 0, 2, 0, 2, 0, 2, 2, 2 ], [ 2, 1, 1, 0, 0, 1, 1, 0 ] ]
CLASS n=4 order=36 size=33839895398400 fixed=-1 real=false M=
[ [ 2, 1, 2, 2, 0, 0, 2, 1 ], [ 2, 0, 1, 1, 1, 2, 0, 0 ], 
  [ 1, 0, 2, 0, 1, 1, 1, 0 ], [ 1, 2, 2, 2, 2, 0, 0, 0 ], 
  [ 2, 1, 0, 2, 1, 1, 0, 1 ], [ 2, 0, 1, 2, 1, 1, 1, 2 ], 
  [ 0, 2, 2, 1, 0, 0, 0, 2 ], [ 0, 2, 0, 1, 0, 1, 2, 1 ] ]
CLASS n=4 order=12 size=25379921548800 fixed=-1 real=false M=
[ [ 2, 0, 2, 1, 1, 2, 1, 2 ], [ 0, 2, 0, 2, 2, 2, 0, 1 ], 
  [ 2, 0, 2, 0, 0, 1, 0, 1 ], [ 1, 2, 0, 1, 2, 0, 0, 1 ], 
  [ 1, 1, 0, 1, 1, 2, 0, 2 ], [ 1, 2, 2, 2, 1, 0, 1, 1 ], 
  [ 1, 2, 0, 2, 2, 0, 0, 2 ], [ 1, 0, 0, 1, 0, 2, 2, 0 ] ]
CLASS n=4 order=12 size=25379921548800 fixed=-1 real=false M=
[ [ 0, 1, 0, 0, 0, 2, 0, 2 ], [ 2, 1, 1, 2, 1, 1, 2, 0 ], 
  [ 2, 2, 0, 1, 1, 2, 1, 1 ], [ 2, 1, 1, 0, 2, 0, 0, 2 ], 
  [ 2, 1, 0, 2, 0, 1, 2, 0 ], [ 0, 0, 2, 1, 0, 1, 0, 1 ], 
  [ 2, 2, 2, 2, 2, 1, 0, 2 ], [ 0, 1, 0, 0, 2, 0, 1, 0 ] ]
CLASS n=4 order=20 size=137051576363520 fixed=-1 real=true M=
[ [ 1, 0, 2, 2, 1, 2, 0, 0 ], [ 2, 0, 0, 2, 0, 0, 0, 2 ], 
  [ 1, 1, 0, 0, 0, 2, 1, 2 ], [ 1, 2, 1, 1, 2, 2, 1, 0 ], 
  [ 0, 1, 2, 0, 1, 2, 2, 2 ], [ 2, 0, 0, 2, 2, 0, 0, 0 ], 
  [ 2, 0, 1, 0, 1, 1, 2, 2 ], [ 1, 1, 1, 2, 0, 0, 0, 0 ] ]
CLASS n=4 order=12 size=211499346240 fixed=-1 real=true M=
[ [ 1, 0, 0, 1, 1, 2, 1, 1 ], [ 1, 1, 0, 2, 1, 2, 1, 1 ], 
  [ 2, 0, 1, 2, 0, 0, 2, 0 ], [ 1, 1, 2, 2, 2, 1, 1, 2 ], 
  [ 1, 2, 2, 0, 2, 0, 2, 0 ], [ 2, 0, 1, 0, 1, 0, 1, 1 ], 
  [ 1, 0, 2, 0, 2, 2, 1, 2 ], [ 1, 2, 2, 0, 1, 0, 1, 0 ] ]
CLASS n=4 order=60 size=1096412610908160 fixed=-1 real=true M=
[ [ 1, 0, 1, 2, 1, 1, 1, 1 ], [ 1, 2, 0, 0, 2, 1, 0, 0 ], 
  [ 1, 1, 2, 0, 1, 1, 2, 2 ], [ 2, 1, 2, 1, 1, 2, 1, 2 ], 
  [ 1, 2, 2, 0, 2, 1, 1, 1 ], [ 2, 2, 0, 2, 1, 0, 1, 1 ], 
  [ 0, 2, 1, 2, 0, 2, 2, 1 ], [ 2, 0, 0, 1, 2, 0, 0, 1 ] ]
CLASS n=4 order=6 size=704997820800 fixed=-1 real=true M=
[ [ 0, 0, 0, 2, 2, 0, 2, 2 ], [ 0, 0, 2, 2, 0, 1, 2, 2 ], 
  [ 1, 2, 1, 0, 1, 1, 1, 1 ], [ 1, 0, 2, 1, 0, 1, 0, 1 ], 
  [ 2, 0, 2, 1, 2, 0, 1, 0 ], [ 1, 1, 2, 0, 1, 1, 1, 2 ], 
  [ 2, 2, 1, 2, 1, 0, 1, 2 ], [ 2, 1, 1, 2, 0, 2, 1, 0 ] ]
CLASS n=4 order=18 size=609118117171200 fixed=-1 real=true M=
[ [ 0, 0, 1, 1, 0, 1, 0, 2 ], [ 0, 0, 0, 1, 1, 1, 1, 2 ], 
  [ 1, 0, 1, 1, 0, 0, 0, 1 ], [ 2, 2, 1, 0, 2, 0, 0, 0 ], 
  [ 1, 2, 2, 1, 0, 0, 1, 1 ], [ 0, 1, 1, 0, 2, 2, 0, 1 ], 
  [ 1, 1, 1, 2, 0, 2, 2, 0 ], [ 1, 2, 1, 1, 2, 0, 2, 1 ] ]
CLASS n=4 order=6 size=39166545600 fixed=-1 real=false M=
[ [ 2, 0, 1, 0, 2, 0, 0, 1 ], [ 1, 2, 1, 2, 2, 2, 0, 0 ], 
  [ 0, 0, 2, 2, 2, 0, 2, 2 ], [ 2, 1, 2, 2, 1, 2, 2, 2 ], 
  [ 2, 0, 2, 0, 2, 0, 0, 2 ], [ 2, 2, 1, 0, 0, 2, 2, 1 ], 
  [ 1, 2, 1, 2, 1, 1, 2, 0 ], [ 2, 0, 1, 1, 2, 0, 1, 1 ] ]
CLASS n=4 order=6 size=39166545600 fixed=-1 real=false M=
[ [ 2, 0, 1, 0, 2, 0, 0, 1 ], [ 2, 2, 1, 0, 1, 2, 1, 1 ], 
  [ 2, 0, 2, 1, 0, 0, 1, 1 ], [ 2, 1, 1, 2, 2, 2, 2, 1 ], 
  [ 2, 0, 2, 0, 2, 0, 0, 2 ], [ 1, 2, 2, 2, 0, 2, 1, 1 ], 
  [ 0, 2, 2, 1, 1, 1, 1, 0 ], [ 0, 0, 1, 2, 1, 0, 2, 2 ] ]
CLASS n=4 order=18 size=203039372390400 fixed=-1 real=false M=
[ [ 1, 2, 0, 0, 2, 1, 2, 1 ], [ 1, 2, 2, 1, 2, 0, 1, 2 ], 
  [ 0, 2, 1, 1, 2, 0, 1, 2 ], [ 2, 1, 2, 1, 1, 1, 1, 0 ], 
  [ 1, 1, 2, 2, 0, 0, 2, 0 ], [ 0, 2, 0, 1, 2, 2, 1, 0 ], 
  [ 1, 2, 0, 1, 0, 1, 2, 0 ], [ 1, 2, 0, 1, 2, 0, 1, 0 ] ]
CLASS n=4 order=18 size=203039372390400 fixed=-1 real=false M=
[ [ 2, 1, 1, 1, 2, 2, 2, 1 ], [ 1, 1, 1, 2, 1, 1, 1, 0 ], 
  [ 2, 0, 1, 0, 0, 1, 2, 0 ], [ 1, 0, 2, 1, 2, 2, 0, 1 ], 
  [ 0, 2, 1, 0, 2, 0, 0, 2 ], [ 2, 2, 1, 0, 1, 0, 2, 0 ], 
  [ 0, 2, 2, 2, 0, 0, 1, 0 ], [ 1, 2, 2, 0, 0, 2, 1, 1 ] ]
CLASS n=4 order=36 size=609118117171200 fixed=-1 real=false M=
[ [ 1, 0, 2, 1, 1, 2, 2, 2 ], [ 0, 1, 2, 1, 0, 1, 1, 2 ], 
  [ 2, 1, 0, 0, 0, 1, 0, 2 ], [ 1, 0, 0, 2, 2, 0, 1, 1 ], 
  [ 0, 1, 1, 1, 2, 0, 0, 1 ], [ 2, 0, 1, 1, 1, 0, 0, 2 ], 
  [ 0, 2, 0, 1, 0, 2, 2, 2 ], [ 0, 2, 2, 0, 2, 0, 1, 0 ] ]
CLASS n=4 order=36 size=609118117171200 fixed=-1 real=false M=
[ [ 0, 0, 1, 1, 1, 0, 0, 0 ], [ 0, 2, 0, 1, 2, 0, 0, 2 ], 
  [ 2, 1, 1, 0, 2, 1, 0, 1 ], [ 1, 2, 1, 0, 0, 1, 1, 1 ], 
  [ 1, 2, 1, 1, 1, 0, 0, 0 ], [ 2, 2, 0, 0, 1, 0, 1, 1 ], 
  [ 2, 1, 1, 2, 2, 2, 1, 1 ], [ 2, 1, 0, 0, 2, 0, 1, 0 ] ]
CLASS n=4 order=24 size=114209646969600 fixed=-1 real=false M=
[ [ 0, 1, 0, 2, 1, 2, 1, 0 ], [ 2, 2, 0, 2, 0, 2, 1, 1 ], 
  [ 1, 1, 2, 2, 2, 2, 2, 1 ], [ 1, 0, 1, 0, 2, 2, 0, 2 ], 
  [ 2, 0, 2, 2, 0, 0, 1, 0 ], [ 0, 2, 0, 1, 1, 1, 0, 1 ], 
  [ 2, 0, 2, 0, 2, 0, 1, 1 ], [ 0, 0, 2, 2, 0, 1, 2, 0 ] ]
CLASS n=4 order=24 size=114209646969600 fixed=-1 real=false M=
[ [ 2, 2, 1, 1, 2, 0, 0, 0 ], [ 1, 0, 1, 1, 1, 0, 0, 1 ], 
  [ 2, 0, 1, 0, 1, 1, 0, 1 ], [ 2, 2, 0, 1, 1, 1, 1, 2 ], 
  [ 1, 1, 0, 1, 1, 1, 0, 0 ], [ 1, 1, 2, 2, 0, 0, 1, 1 ], 
  [ 2, 0, 2, 0, 2, 0, 1, 1 ], [ 2, 1, 0, 1, 1, 2, 1, 0 ] ]
CLASS n=4 order=24 size=152279529292800 fixed=-1 real=true M=
[ [ 2, 0, 0, 1, 2, 0, 0, 2 ], [ 0, 1, 0, 1, 2, 0, 2, 0 ], 
  [ 2, 2, 1, 1, 1, 1, 1, 2 ], [ 2, 0, 2, 0, 1, 1, 0, 1 ], 
  [ 2, 0, 1, 1, 1, 1, 2, 2 ], [ 0, 0, 0, 2, 1, 2, 2, 1 ], 
  [ 2, 1, 1, 0, 0, 1, 0, 2 ], [ 1, 2, 1, 1, 0, 0, 0, 1 ] ]
CLASS n=4 order=6 size=13055515200 fixed=-1 real=true M=
[ [ 2, 1, 1, 1, 0, 1, 1, 1 ], [ 2, 2, 1, 2, 0, 2, 1, 2 ], 
  [ 2, 2, 0, 0, 1, 0, 0, 2 ], [ 1, 2, 1, 0, 1, 2, 0, 2 ], 
  [ 0, 0, 2, 0, 0, 2, 1, 0 ], [ 2, 2, 2, 1, 1, 2, 1, 1 ], 
  [ 0, 0, 2, 1, 2, 1, 2, 2 ], [ 2, 0, 2, 0, 0, 2, 2, 0 ] ]
CLASS n=4 order=12 size=8459973849600 fixed=-1 real=false M=
[ [ 0, 0, 2, 2, 1, 2, 1, 2 ], [ 2, 2, 1, 2, 1, 0, 2, 2 ], 
  [ 2, 0, 0, 1, 1, 0, 0, 0 ], [ 0, 0, 0, 1, 1, 1, 0, 2 ], 
  [ 1, 1, 0, 2, 1, 1, 0, 0 ], [ 0, 0, 0, 0, 2, 0, 2, 2 ], 
  [ 1, 0, 2, 2, 0, 2, 0, 1 ], [ 0, 1, 1, 2, 1, 2, 0, 1 ] ]
CLASS n=4 order=12 size=8459973849600 fixed=-1 real=false M=
[ [ 2, 1, 1, 1, 1, 0, 0, 0 ], [ 1, 2, 2, 0, 2, 0, 2, 2 ], 
  [ 1, 2, 0, 2, 0, 1, 1, 1 ], [ 2, 2, 0, 1, 0, 0, 1, 1 ], 
  [ 2, 1, 2, 0, 0, 2, 0, 1 ], [ 0, 1, 1, 1, 1, 1, 1, 0 ], 
  [ 2, 0, 1, 0, 2, 0, 0, 2 ], [ 2, 2, 0, 1, 1, 0, 2, 2 ] ]
CLASS n=4 order=9 size=45119860531200 fixed=-1 real=false M=
[ [ 0, 0, 2, 1, 2, 1, 1, 2 ], [ 2, 1, 2, 1, 0, 1, 0, 2 ], 
  [ 0, 1, 0, 1, 0, 0, 2, 2 ], [ 2, 0, 2, 1, 1, 0, 0, 1 ], 
  [ 0, 1, 2, 2, 0, 1, 2, 0 ], [ 0, 1, 1, 1, 0, 0, 0, 2 ], 
  [ 1, 1, 2, 2, 1, 0, 1, 1 ], [ 0, 0, 1, 1, 1, 2, 0, 2 ] ]
CLASS n=4 order=9 size=45119860531200 fixed=-1 real=false M=
[ [ 0, 0, 1, 0, 2, 0, 0, 0 ], [ 2, 2, 1, 0, 2, 2, 0, 1 ], 
  [ 0, 0, 2, 1, 1, 1, 1, 0 ], [ 1, 0, 0, 1, 0, 1, 1, 1 ], 
  [ 1, 0, 1, 2, 2, 2, 0, 0 ], [ 2, 1, 0, 1, 0, 1, 1, 0 ], 
  [ 2, 1, 2, 1, 0, 1, 1, 2 ], [ 1, 2, 1, 1, 0, 1, 2, 1 ] ]
CLASS n=4 order=18 size=406078744780800 fixed=-1 real=false M=
[ [ 2, 1, 0, 1, 2, 1, 2, 1 ], [ 0, 1, 2, 0, 2, 0, 2, 1 ], 
  [ 2, 1, 1, 2, 0, 0, 0, 2 ], [ 1, 0, 2, 1, 2, 1, 2, 1 ], 
  [ 2, 0, 0, 2, 2, 1, 0, 1 ], [ 0, 2, 0, 1, 2, 0, 1, 1 ], 
  [ 2, 2, 0, 0, 1, 2, 1, 1 ], [ 2, 0, 1, 2, 1, 1, 2, 2 ] ]
CLASS n=4 order=18 size=406078744780800 fixed=-1 real=false M=
[ [ 1, 1, 2, 2, 1, 1, 0, 0 ], [ 0, 2, 2, 2, 1, 0, 1, 2 ], 
  [ 0, 2, 0, 2, 0, 0, 1, 1 ], [ 0, 1, 1, 2, 1, 1, 0, 0 ], 
  [ 2, 2, 2, 1, 1, 0, 2, 1 ], [ 0, 1, 0, 2, 2, 0, 1, 1 ], 
  [ 1, 2, 2, 1, 0, 1, 0, 0 ], [ 2, 1, 2, 2, 1, 2, 0, 2 ] ]
CLASS n=4 order=24 size=685257881817600 fixed=-1 real=false M=
[ [ 0, 2, 0, 2, 0, 0, 0, 2 ], [ 0, 0, 2, 2, 1, 2, 2, 1 ], 
  [ 2, 1, 1, 1, 1, 0, 0, 1 ], [ 0, 1, 0, 2, 2, 0, 0, 0 ], 
  [ 0, 1, 0, 1, 1, 0, 0, 0 ], [ 1, 2, 2, 1, 0, 1, 0, 2 ], 
  [ 0, 0, 2, 1, 1, 2, 1, 0 ], [ 0, 1, 0, 1, 0, 0, 0, 2 ] ]
CLASS n=4 order=24 size=685257881817600 fixed=-1 real=false M=
[ [ 0, 1, 0, 1, 0, 0, 0, 1 ], [ 1, 0, 0, 0, 0, 1, 1, 1 ], 
  [ 2, 2, 1, 1, 0, 0, 0, 1 ], [ 2, 2, 1, 2, 0, 0, 0, 1 ], 
  [ 0, 2, 0, 2, 2, 0, 0, 0 ], [ 0, 1, 0, 1, 1, 2, 0, 0 ], 
  [ 1, 0, 0, 1, 0, 1, 2, 2 ], [ 0, 2, 0, 2, 0, 0, 0, 1 ] ]
CLASS n=4 order=12 size=38069882323200 fixed=-1 real=true M=
[ [ 0, 0, 2, 1, 0, 0, 1, 2 ], [ 2, 1, 1, 2, 0, 1, 1, 0 ], 
  [ 2, 1, 2, 0, 1, 0, 0, 2 ], [ 2, 1, 2, 1, 0, 2, 0, 0 ], 
  [ 2, 0, 0, 1, 0, 0, 0, 1 ], [ 2, 2, 0, 2, 0, 0, 0, 2 ], 
  [ 2, 1, 0, 2, 2, 0, 2, 0 ], [ 2, 1, 2, 1, 0, 1, 0, 0 ] ]
CLASS n=4 order=30 size=365470870302720 fixed=-1 real=false M=
[ [ 2, 2, 1, 1, 1, 1, 0, 1 ], [ 1, 2, 2, 2, 0, 1, 2, 1 ], 
  [ 1, 2, 2, 2, 1, 2, 0, 2 ], [ 1, 0, 1, 1, 0, 1, 2, 2 ], 
  [ 0, 1, 1, 2, 1, 0, 2, 0 ], [ 0, 2, 1, 0, 2, 0, 1, 0 ], 
  [ 0, 1, 1, 1, 2, 0, 0, 2 ], [ 2, 0, 0, 0, 2, 1, 1, 2 ] ]
CLASS n=4 order=30 size=365470870302720 fixed=-1 real=false M=
[ [ 0, 0, 0, 2, 0, 2, 2, 2 ], [ 0, 1, 0, 1, 1, 0, 0, 0 ], 
  [ 2, 0, 0, 1, 1, 2, 2, 0 ], [ 2, 1, 2, 0, 0, 1, 1, 0 ], 
  [ 1, 2, 1, 2, 2, 2, 1, 1 ], [ 1, 0, 1, 0, 0, 2, 0, 1 ], 
  [ 1, 2, 0, 2, 1, 1, 2, 0 ], [ 0, 1, 2, 1, 1, 2, 0, 0 ] ]
CLASS n=4 order=36 size=33839895398400 fixed=-1 real=false M=
[ [ 1, 2, 0, 2, 1, 1, 1, 1 ], [ 0, 0, 0, 1, 0, 0, 1, 2 ], 
  [ 0, 1, 1, 0, 2, 0, 2, 2 ], [ 1, 2, 2, 0, 0, 0, 2, 0 ], 
  [ 1, 1, 2, 1, 1, 0, 1, 1 ], [ 0, 1, 0, 1, 2, 1, 0, 0 ], 
  [ 0, 1, 1, 1, 0, 2, 1, 0 ], [ 2, 0, 2, 1, 0, 2, 1, 1 ] ]
CLASS n=4 order=36 size=33839895398400 fixed=-1 real=false M=
[ [ 2, 1, 0, 1, 0, 2, 0, 0 ], [ 0, 2, 1, 1, 1, 2, 1, 1 ], 
  [ 0, 0, 2, 1, 2, 1, 1, 2 ], [ 2, 2, 0, 2, 1, 1, 1, 1 ], 
  [ 2, 2, 1, 2, 2, 2, 1, 0 ], [ 1, 2, 1, 1, 1, 0, 1, 2 ], 
  [ 1, 0, 0, 1, 1, 1, 2, 1 ], [ 2, 1, 1, 2, 1, 2, 0, 0 ] ]
CLASS n=4 order=9 size=15039953510400 fixed=-1 real=true M=
[ [ 1, 0, 2, 2, 0, 2, 1, 0 ], [ 2, 1, 0, 0, 1, 0, 0, 2 ], 
  [ 2, 1, 2, 0, 2, 0, 0, 1 ], [ 1, 1, 2, 1, 2, 1, 1, 2 ], 
  [ 0, 2, 0, 2, 1, 0, 2, 2 ], [ 2, 0, 1, 2, 0, 2, 0, 1 ], 
  [ 0, 0, 1, 0, 1, 1, 2, 1 ], [ 1, 0, 2, 1, 1, 0, 1, 1 ] ]
CLASS n=4 order=3 size=1547320320 fixed=-1 real=true M=
[ [ 0, 1, 2, 2, 2, 2, 2, 1 ], [ 1, 1, 2, 0, 1, 0, 1, 0 ], 
  [ 0, 2, 0, 2, 0, 0, 1, 0 ], [ 2, 1, 0, 1, 2, 0, 0, 2 ], 
  [ 0, 2, 0, 0, 1, 1, 0, 0 ], [ 1, 1, 2, 0, 0, 0, 1, 0 ], 
  [ 0, 1, 1, 0, 0, 0, 2, 2 ], [ 1, 1, 0, 2, 1, 0, 2, 2 ] ]
CLASS n=4 order=6 size=5639982566400 fixed=-1 real=true M=
[ [ 1, 0, 2, 2, 0, 1, 1, 0 ], [ 2, 1, 2, 0, 0, 1, 2, 1 ], 
  [ 1, 0, 2, 0, 2, 1, 0, 0 ], [ 1, 0, 1, 2, 1, 2, 0, 2 ], 
  [ 0, 2, 1, 0, 0, 2, 1, 0 ], [ 0, 0, 1, 2, 2, 2, 2, 0 ], 
  [ 1, 2, 1, 2, 2, 1, 1, 1 ], [ 0, 0, 0, 2, 1, 0, 0, 0 ] ]
CLASS n=4 order=12 size=101519686195200 fixed=-1 real=true M=
[ [ 0, 1, 1, 2, 2, 1, 1, 1 ], [ 1, 1, 0, 0, 1, 1, 2, 0 ], 
  [ 2, 1, 1, 1, 0, 1, 2, 0 ], [ 2, 1, 1, 0, 1, 2, 2, 0 ], 
  [ 2, 1, 0, 0, 1, 1, 1, 2 ], [ 0, 0, 0, 2, 2, 2, 1, 0 ], 
  [ 1, 2, 2, 1, 0, 1, 0, 2 ], [ 1, 1, 0, 1, 2, 2, 2, 0 ] ]
CLASS n=4 order=12 size=50759843097600 fixed=-1 real=false M=
[ [ 1, 0, 0, 0, 2, 1, 0, 1 ], [ 2, 0, 1, 0, 2, 1, 2, 0 ], 
  [ 1, 2, 1, 2, 0, 0, 2, 0 ], [ 2, 1, 1, 2, 0, 2, 2, 2 ], 
  [ 2, 0, 1, 0, 1, 2, 0, 0 ], [ 1, 1, 0, 2, 0, 0, 1, 1 ], 
  [ 2, 1, 2, 1, 2, 1, 1, 0 ], [ 0, 1, 2, 2, 0, 2, 2, 2 ] ]
CLASS n=4 order=12 size=50759843097600 fixed=-1 real=false M=
[ [ 2, 2, 0, 1, 0, 0, 1, 1 ], [ 2, 2, 2, 1, 0, 2, 0, 0 ], 
  [ 0, 0, 0, 0, 0, 0, 2, 2 ], [ 0, 1, 1, 0, 2, 1, 1, 0 ], 
  [ 1, 2, 2, 0, 0, 1, 2, 2 ], [ 2, 0, 2, 2, 2, 1, 0, 0 ], 
  [ 2, 1, 1, 0, 0, 0, 2, 2 ], [ 1, 0, 1, 2, 2, 0, 1, 1 ] ]
CLASS n=4 order=6 size=626664729600 fixed=-1 real=false M=
[ [ 2, 1, 1, 1, 2, 0, 1, 1 ], [ 2, 2, 1, 2, 1, 0, 1, 2 ], 
  [ 1, 1, 1, 0, 0, 1, 0, 1 ], [ 2, 0, 2, 2, 2, 2, 0, 1 ], 
  [ 1, 1, 0, 0, 0, 2, 0, 1 ], [ 2, 2, 1, 2, 0, 1, 2, 0 ], 
  [ 1, 1, 1, 1, 2, 2, 2, 0 ], [ 2, 0, 1, 2, 1, 1, 2, 1 ] ]
CLASS n=4 order=6 size=626664729600 fixed=-1 real=false M=
[ [ 1, 1, 0, 1, 1, 1, 0, 1 ], [ 2, 1, 2, 2, 2, 2, 2, 2 ], 
  [ 1, 1, 1, 0, 1, 0, 1, 1 ], [ 1, 2, 2, 2, 1, 0, 1, 2 ], 
  [ 0, 0, 1, 1, 2, 2, 2, 2 ], [ 1, 1, 2, 0, 0, 0, 1, 1 ], 
  [ 1, 1, 2, 1, 0, 1, 2, 0 ], [ 1, 2, 0, 0, 2, 0, 2, 1 ] ]
CLASS n=4 order=12 size=304559058585600 fixed=-1 real=true M=
[ [ 2, 1, 1, 1, 1, 0, 0, 0 ], [ 1, 2, 2, 0, 2, 0, 2, 2 ], 
  [ 1, 2, 2, 1, 2, 1, 1, 2 ], [ 2, 2, 1, 1, 0, 1, 2, 1 ], 
  [ 2, 1, 2, 1, 1, 1, 2, 0 ], [ 0, 1, 2, 2, 2, 1, 1, 2 ], 
  [ 2, 0, 2, 1, 0, 0, 0, 1 ], [ 2, 2, 0, 0, 0, 1, 0, 0 ] ]
CLASS n=4 order=6 size=78333091200 fixed=-1 real=true M=
[ [ 2, 1, 2, 0, 0, 1, 1, 2 ], [ 1, 0, 2, 0, 1, 0, 1, 2 ], 
  [ 0, 0, 1, 0, 0, 0, 0, 0 ], [ 0, 2, 2, 1, 2, 0, 1, 1 ], 
  [ 0, 2, 0, 0, 2, 0, 2, 2 ], [ 1, 1, 0, 0, 1, 2, 1, 2 ], 
  [ 2, 2, 2, 0, 2, 1, 1, 2 ], [ 0, 2, 2, 0, 0, 2, 2, 0 ] ]
CLASS n=4 order=6 size=26111030400 fixed=-1 real=true M=
[ [ 1, 2, 2, 0, 0, 0, 2, 1 ], [ 0, 1, 1, 0, 0, 1, 0, 0 ], 
  [ 0, 0, 2, 0, 0, 0, 0, 0 ], [ 2, 2, 2, 2, 0, 1, 0, 2 ], 
  [ 1, 0, 1, 0, 2, 0, 0, 1 ], [ 0, 0, 0, 0, 0, 2, 0, 0 ], 
  [ 0, 0, 2, 0, 0, 2, 1, 2 ], [ 0, 1, 0, 0, 0, 0, 1, 0 ] ]
CLASS n=4 order=12 size=156666182400 fixed=-1 real=true M=
[ [ 0, 0, 1, 0, 0, 2, 2, 1 ], [ 2, 0, 0, 0, 0, 1, 0, 2 ], 
  [ 0, 0, 1, 0, 0, 0, 0, 0 ], [ 1, 0, 0, 1, 0, 0, 0, 1 ], 
  [ 1, 2, 2, 0, 1, 1, 0, 1 ], [ 0, 0, 0, 0, 0, 1, 0, 0 ], 
  [ 1, 0, 0, 0, 0, 2, 0, 0 ], [ 0, 1, 0, 0, 0, 0, 1, 2 ] ]
CLASS n=4 order=36 size=76139764646400 fixed=-1 real=false M=
[ [ 0, 0, 0, 2, 2, 1, 2, 1 ], [ 2, 1, 2, 0, 1, 1, 2, 0 ], 
  [ 1, 2, 1, 2, 1, 1, 1, 1 ], [ 1, 2, 2, 1, 1, 1, 1, 2 ], 
  [ 0, 0, 0, 2, 2, 0, 2, 2 ], [ 1, 2, 2, 1, 1, 0, 0, 1 ], 
  [ 2, 0, 1, 2, 0, 1, 0, 0 ], [ 0, 2, 1, 2, 0, 1, 0, 0 ] ]
CLASS n=4 order=36 size=76139764646400 fixed=-1 real=false M=
[ [ 0, 1, 1, 2, 1, 0, 0, 1 ], [ 1, 2, 1, 2, 1, 0, 1, 0 ], 
  [ 0, 2, 2, 1, 2, 2, 2, 2 ], [ 2, 0, 0, 2, 0, 0, 0, 2 ], 
  [ 2, 1, 2, 1, 2, 1, 2, 2 ], [ 1, 1, 2, 2, 1, 2, 2, 1 ], 
  [ 1, 2, 1, 1, 1, 0, 1, 1 ], [ 0, 2, 0, 1, 2, 1, 2, 2 ] ]
CLASS n=4 order=72 size=913677175756800 fixed=-1 real=false M=
[ [ 1, 2, 1, 0, 1, 0, 0, 1 ], [ 0, 1, 1, 1, 1, 0, 1, 0 ], 
  [ 2, 1, 2, 1, 1, 0, 1, 0 ], [ 1, 2, 0, 0, 2, 1, 1, 0 ], 
  [ 1, 0, 0, 0, 0, 1, 2, 0 ], [ 2, 2, 0, 2, 1, 0, 0, 0 ], 
  [ 0, 1, 1, 1, 1, 0, 2, 0 ], [ 2, 1, 1, 1, 0, 1, 2, 1 ] ]
CLASS n=4 order=72 size=913677175756800 fixed=-1 real=false M=
[ [ 2, 2, 0, 1, 2, 1, 2, 1 ], [ 0, 2, 2, 1, 1, 1, 2, 0 ], 
  [ 2, 0, 1, 1, 1, 1, 2, 0 ], [ 2, 0, 2, 0, 2, 0, 0, 1 ], 
  [ 1, 1, 2, 1, 2, 2, 2, 1 ], [ 0, 1, 1, 2, 2, 1, 2, 2 ], 
  [ 0, 1, 1, 2, 0, 1, 2, 1 ], [ 1, 0, 0, 2, 2, 1, 0, 1 ] ]
CLASS n=4 order=15 size=1461883481210880 fixed=-1 real=true M=
[ [ 2, 0, 1, 1, 0, 1, 1, 2 ], [ 1, 2, 0, 0, 2, 2, 2, 0 ], 
  [ 1, 1, 0, 2, 2, 0, 0, 1 ], [ 0, 0, 1, 2, 0, 2, 1, 1 ], 
  [ 0, 0, 0, 1, 1, 2, 1, 2 ], [ 1, 1, 0, 2, 1, 0, 0, 0 ], 
  [ 0, 0, 1, 1, 1, 2, 2, 2 ], [ 0, 2, 2, 2, 2, 2, 2, 2 ] ]
CLASS n=4 order=9 size=11279965132800 fixed=-1 real=false M=
[ [ 1, 2, 0, 2, 2, 1, 2, 0 ], [ 0, 2, 1, 2, 1, 1, 1, 0 ], 
  [ 1, 2, 1, 1, 2, 1, 2, 1 ], [ 0, 2, 1, 1, 1, 1, 1, 1 ], 
  [ 0, 1, 1, 0, 0, 0, 1, 2 ], [ 2, 2, 2, 0, 2, 0, 2, 1 ], 
  [ 2, 1, 2, 0, 0, 2, 2, 0 ], [ 2, 2, 2, 0, 2, 1, 2, 0 ] ]
CLASS n=4 order=9 size=11279965132800 fixed=-1 real=false M=
[ [ 2, 2, 0, 1, 1, 0, 1, 2 ], [ 1, 1, 2, 2, 1, 2, 1, 0 ], 
  [ 2, 0, 1, 1, 1, 2, 1, 2 ], [ 2, 1, 1, 0, 0, 2, 0, 1 ], 
  [ 2, 0, 1, 0, 2, 0, 0, 2 ], [ 2, 0, 0, 2, 0, 1, 0, 0 ], 
  [ 0, 2, 1, 1, 2, 0, 1, 2 ], [ 2, 0, 0, 2, 0, 2, 0, 2 ] ]
CLASS n=4 order=18 size=101519686195200 fixed=-1 real=false M=
[ [ 0, 0, 2, 0, 0, 2, 2, 0 ], [ 1, 1, 0, 2, 0, 2, 2, 0 ], 
  [ 0, 0, 0, 0, 2, 2, 0, 2 ], [ 0, 1, 0, 2, 1, 0, 0, 2 ], 
  [ 0, 2, 2, 2, 2, 0, 1, 0 ], [ 0, 2, 2, 2, 1, 1, 0, 2 ], 
  [ 1, 0, 1, 0, 2, 1, 2, 2 ], [ 1, 1, 0, 0, 2, 0, 1, 2 ] ]
CLASS n=4 order=18 size=101519686195200 fixed=-1 real=false M=
[ [ 2, 2, 0, 1, 2, 1, 0, 1 ], [ 0, 0, 0, 0, 0, 1, 1, 2 ], 
  [ 2, 0, 0, 1, 1, 1, 0, 1 ], [ 1, 2, 1, 0, 1, 1, 2, 2 ], 
  [ 0, 1, 1, 0, 0, 0, 1, 2 ], [ 0, 2, 2, 2, 2, 0, 0, 2 ], 
  [ 1, 0, 0, 0, 1, 2, 1, 0 ], [ 2, 0, 1, 1, 1, 1, 2, 2 ] ]
CLASS n=4 order=6 size=626664729600 fixed=-1 real=false M=
[ [ 2, 0, 0, 0, 0, 1, 0, 1 ], [ 2, 2, 1, 1, 2, 1, 1, 2 ], 
  [ 2, 0, 1, 0, 0, 1, 0, 0 ], [ 1, 1, 0, 1, 2, 1, 0, 2 ], 
  [ 1, 1, 0, 1, 0, 2, 2, 2 ], [ 1, 0, 0, 0, 0, 2, 0, 1 ], 
  [ 1, 0, 1, 0, 0, 1, 0, 1 ], [ 1, 2, 0, 0, 1, 0, 0, 2 ] ]
CLASS n=4 order=6 size=626664729600 fixed=-1 real=false M=
[ [ 2, 0, 1, 0, 0, 2, 2, 0 ], [ 1, 2, 2, 2, 2, 1, 2, 1 ], 
  [ 1, 0, 1, 0, 0, 2, 0, 0 ], [ 2, 0, 0, 1, 0, 0, 0, 1 ], 
  [ 1, 2, 1, 2, 2, 1, 0, 2 ], [ 1, 0, 1, 0, 0, 0, 2, 0 ], 
  [ 2, 2, 2, 0, 1, 1, 2, 2 ], [ 2, 0, 0, 0, 0, 2, 0, 0 ] ]
CLASS n=4 order=36 size=609118117171200 fixed=-1 real=false M=
[ [ 0, 2, 0, 2, 1, 0, 2, 0 ], [ 1, 1, 0, 2, 0, 1, 2, 1 ], 
  [ 0, 2, 1, 2, 0, 2, 0, 0 ], [ 0, 0, 1, 1, 2, 1, 0, 2 ], 
  [ 0, 2, 2, 2, 2, 2, 1, 1 ], [ 0, 1, 0, 1, 2, 2, 0, 2 ], 
  [ 1, 1, 0, 1, 1, 2, 2, 0 ], [ 1, 1, 0, 0, 2, 2, 1, 0 ] ]
CLASS n=4 order=36 size=609118117171200 fixed=-1 real=false M=
[ [ 0, 2, 0, 0, 2, 1, 1, 2 ], [ 1, 2, 1, 1, 1, 0, 2, 2 ], 
  [ 1, 2, 1, 1, 2, 0, 2, 2 ], [ 2, 2, 1, 2, 1, 1, 0, 0 ], 
  [ 2, 2, 0, 2, 2, 0, 0, 0 ], [ 1, 2, 2, 1, 2, 0, 1, 0 ], 
  [ 0, 0, 0, 1, 1, 0, 0, 1 ], [ 0, 2, 2, 2, 2, 0, 0, 2 ] ]
CLASS n=4 order=12 size=4229986924800 fixed=-1 real=false M=
[ [ 2, 0, 1, 1, 2, 1, 0, 1 ], [ 1, 1, 2, 2, 1, 1, 2, 0 ], 
  [ 0, 2, 0, 0, 1, 0, 0, 1 ], [ 0, 0, 0, 1, 1, 2, 1, 0 ], 
  [ 1, 0, 0, 1, 1, 1, 2, 1 ], [ 2, 0, 2, 0, 0, 1, 0, 1 ], 
  [ 0, 1, 2, 1, 1, 0, 0, 1 ], [ 1, 1, 0, 0, 1, 0, 1, 2 ] ]
CLASS n=4 order=12 size=4229986924800 fixed=-1 real=false M=
[ [ 2, 1, 0, 2, 1, 0, 0, 2 ], [ 0, 1, 2, 1, 2, 2, 1, 2 ], 
  [ 1, 0, 2, 2, 2, 1, 1, 0 ], [ 0, 1, 2, 2, 0, 1, 1, 1 ], 
  [ 0, 2, 1, 2, 0, 0, 1, 2 ], [ 0, 1, 1, 2, 1, 2, 1, 0 ], 
  [ 1, 2, 1, 0, 2, 1, 1, 0 ], [ 0, 1, 0, 2, 2, 1, 0, 1 ] ]
CLASS n=4 order=20 size=137051576363520 fixed=-1 real=true M=
[ [ 1, 0, 0, 0, 0, 2, 2, 0 ], [ 0, 2, 2, 2, 0, 1, 1, 1 ], 
  [ 0, 1, 2, 1, 0, 0, 2, 1 ], [ 2, 1, 0, 0, 2, 1, 0, 0 ], 
  [ 2, 2, 2, 2, 0, 2, 1, 2 ], [ 0, 0, 1, 0, 1, 2, 1, 1 ], 
  [ 2, 1, 0, 1, 0, 0, 2, 1 ], [ 0, 2, 0, 0, 2, 2, 2, 1 ] ]
CLASS n=4 order=60 size=548206305454080 fixed=-1 real=false M=
[ [ 1, 1, 0, 2, 0, 2, 1, 2 ], [ 0, 0, 1, 0, 1, 0, 1, 1 ], 
  [ 2, 0, 0, 1, 1, 0, 1, 0 ], [ 2, 2, 0, 2, 1, 0, 2, 0 ], 
  [ 2, 0, 1, 1, 0, 2, 2, 2 ], [ 0, 2, 0, 2, 0, 2, 1, 0 ], 
  [ 0, 2, 2, 0, 2, 2, 1, 2 ], [ 2, 1, 0, 2, 0, 0, 0, 1 ] ]
CLASS n=4 order=60 size=548206305454080 fixed=-1 real=false M=
[ [ 0, 0, 2, 1, 2, 2, 0, 0 ], [ 2, 2, 0, 0, 0, 2, 1, 0 ], 
  [ 1, 0, 0, 2, 2, 0, 2, 0 ], [ 2, 2, 2, 1, 1, 1, 2, 2 ], 
  [ 2, 1, 1, 2, 2, 2, 2, 0 ], [ 1, 2, 2, 1, 2, 2, 0, 2 ], 
  [ 2, 0, 2, 0, 2, 0, 1, 2 ], [ 0, 1, 1, 1, 1, 2, 2, 0 ] ]
CLASS n=4 order=9 size=812157489561600 fixed=-1 real=false M=
[ [ 0, 2, 1, 2, 1, 0, 2, 1 ], [ 2, 2, 2, 1, 0, 0, 2, 2 ], 
  [ 2, 1, 0, 0, 0, 1, 1, 2 ], [ 1, 0, 1, 1, 0, 2, 0, 2 ], 
  [ 2, 2, 2, 2, 0, 1, 1, 0 ], [ 2, 0, 0, 1, 0, 2, 2, 0 ], 
  [ 2, 0, 0, 2, 2, 0, 2, 2 ], [ 0, 2, 2, 2, 1, 2, 0, 0 ] ]
CLASS n=4 order=9 size=812157489561600 fixed=-1 real=false M=
[ [ 1, 0, 2, 0, 1, 1, 2, 1 ], [ 2, 1, 1, 0, 1, 1, 1, 2 ], 
  [ 0, 2, 1, 0, 0, 0, 2, 0 ], [ 2, 2, 0, 0, 0, 1, 2, 1 ], 
  [ 1, 2, 1, 1, 2, 1, 1, 2 ], [ 0, 2, 0, 1, 0, 0, 0, 1 ], 
  [ 2, 0, 0, 0, 1, 2, 2, 2 ], [ 2, 1, 1, 1, 0, 1, 1, 0 ] ]
CLASS n=4 order=40 size=1644618916362240 fixed=-1 real=true M=
[ [ 1, 2, 0, 0, 2, 2, 0, 0 ], [ 2, 2, 2, 0, 2, 2, 0, 2 ], 
  [ 1, 1, 0, 1, 1, 0, 0, 0 ], [ 1, 1, 1, 1, 0, 2, 0, 1 ], 
  [ 0, 2, 1, 1, 0, 2, 2, 2 ], [ 0, 2, 0, 0, 2, 1, 1, 2 ], 
  [ 0, 1, 1, 2, 2, 0, 1, 1 ], [ 0, 1, 1, 1, 2, 0, 0, 2 ] ]
CLASS n=4 order=12 size=50759843097600 fixed=-1 real=true M=
[ [ 2, 2, 1, 1, 0, 2, 2, 1 ], [ 1, 2, 2, 2, 2, 0, 0, 0 ], 
  [ 1, 2, 1, 0, 0, 1, 2, 2 ], [ 2, 1, 1, 2, 1, 2, 0, 0 ], 
  [ 0, 1, 0, 2, 0, 2, 2, 2 ], [ 2, 2, 1, 2, 1, 0, 0, 2 ], 
  [ 1, 2, 0, 2, 0, 1, 1, 0 ], [ 0, 1, 1, 2, 1, 0, 1, 0 ] ]
CLASS n=4 order=8 size=85657235227200 fixed=-1 real=true M=
[ [ 0, 2, 2, 1, 0, 1, 0, 0 ], [ 2, 0, 1, 1, 2, 0, 0, 0 ], 
  [ 2, 1, 1, 2, 2, 0, 0, 1 ], [ 0, 0, 0, 2, 1, 2, 2, 1 ], 
  [ 1, 2, 0, 1, 0, 2, 2, 0 ], [ 2, 0, 0, 2, 0, 2, 1, 1 ], 
  [ 0, 0, 1, 1, 1, 0, 2, 0 ], [ 2, 2, 0, 1, 1, 2, 1, 2 ] ]
CLASS n=4 order=6 size=8459973849600 fixed=-1 real=true M=
[ [ 2, 1, 1, 0, 2, 0, 2, 1 ], [ 1, 0, 2, 1, 2, 1, 1, 0 ], 
  [ 2, 2, 0, 1, 2, 1, 0, 2 ], [ 0, 2, 0, 1, 0, 2, 2, 1 ], 
  [ 0, 1, 2, 2, 2, 1, 0, 0 ], [ 2, 2, 2, 0, 0, 2, 1, 2 ], 
  [ 1, 0, 0, 2, 0, 0, 2, 2 ], [ 2, 0, 1, 1, 2, 2, 0, 0 ] ]
CLASS n=4 order=12 size=913677175756800 fixed=-1 real=true M=
[ [ 1, 2, 0, 2, 2, 1, 0, 2 ], [ 1, 2, 2, 0, 0, 0, 2, 2 ], 
  [ 1, 2, 1, 0, 0, 0, 2, 2 ], [ 2, 1, 1, 2, 0, 0, 2, 0 ], 
  [ 2, 0, 0, 0, 1, 0, 2, 1 ], [ 0, 1, 2, 0, 0, 0, 0, 1 ], 
  [ 2, 0, 2, 0, 1, 1, 1, 0 ], [ 1, 1, 0, 0, 0, 1, 2, 1 ] ]
CLASS n=4 order=12 size=4229986924800 fixed=-1 real=false M=
[ [ 1, 2, 1, 2, 0, 1, 2, 2 ], [ 0, 1, 0, 1, 2, 2, 1, 0 ], 
  [ 2, 0, 2, 1, 1, 2, 1, 2 ], [ 1, 0, 1, 0, 2, 0, 0, 0 ], 
  [ 2, 0, 2, 1, 1, 1, 0, 1 ], [ 1, 2, 0, 0, 2, 2, 0, 1 ], 
  [ 1, 2, 1, 0, 2, 2, 0, 2 ], [ 0, 2, 2, 1, 1, 0, 0, 1 ] ]
CLASS n=4 order=12 size=4229986924800 fixed=-1 real=false M=
[ [ 2, 2, 0, 2, 1, 1, 2, 0 ], [ 1, 0, 1, 1, 0, 2, 0, 0 ], 
  [ 2, 0, 2, 1, 1, 2, 1, 2 ], [ 2, 1, 1, 0, 0, 0, 1, 2 ], 
  [ 2, 0, 2, 1, 1, 1, 0, 1 ], [ 2, 1, 1, 0, 0, 2, 2, 1 ], 
  [ 1, 0, 2, 0, 2, 2, 1, 0 ], [ 2, 2, 0, 1, 0, 0, 0, 0 ] ]
CLASS n=4 order=12 size=12689960774400 fixed=-1 real=true M=
[ [ 1, 0, 0, 1, 2, 1, 1, 1 ], [ 0, 1, 1, 2, 0, 2, 2, 2 ], 
  [ 1, 0, 2, 0, 2, 2, 0, 0 ], [ 1, 1, 2, 2, 1, 2, 2, 0 ], 
  [ 0, 1, 1, 2, 1, 0, 0, 1 ], [ 2, 0, 0, 1, 0, 2, 0, 2 ], 
  [ 2, 2, 1, 0, 1, 0, 2, 2 ], [ 0, 2, 2, 0, 0, 2, 1, 0 ] ]
CLASS n=4 order=12 size=6344980387200 fixed=-1 real=true M=
[ [ 0, 2, 1, 0, 2, 0, 0, 0 ], [ 1, 1, 2, 2, 1, 2, 1, 0 ], 
  [ 1, 1, 0, 1, 2, 2, 2, 0 ], [ 0, 2, 0, 0, 0, 0, 0, 1 ], 
  [ 2, 0, 1, 2, 0, 1, 2, 2 ], [ 2, 2, 2, 1, 2, 0, 2, 0 ], 
  [ 0, 0, 1, 1, 2, 1, 0, 0 ], [ 1, 1, 0, 2, 1, 0, 1, 1 ] ]
CLASS n=4 order=24 size=685257881817600 fixed=-1 real=true M=
[ [ 0, 2, 0, 2, 0, 0, 2, 0 ], [ 2, 1, 0, 1, 0, 0, 2, 1 ], 
  [ 0, 1, 2, 2, 1, 0, 1, 2 ], [ 2, 2, 2, 0, 2, 1, 2, 1 ], 
  [ 0, 2, 0, 2, 0, 1, 1, 0 ], [ 1, 0, 2, 0, 2, 2, 0, 0 ], 
  [ 0, 0, 2, 2, 1, 2, 2, 2 ], [ 1, 1, 1, 1, 1, 1, 1, 2 ] ]
CLASS n=4 order=12 size=16919947699200 fixed=-1 real=true M=
[ [ 1, 2, 2, 2, 0, 1, 2, 0 ], [ 2, 1, 1, 1, 2, 1, 2, 0 ], 
  [ 1, 0, 2, 0, 1, 0, 1, 2 ], [ 1, 1, 2, 0, 1, 1, 2, 0 ], 
  [ 0, 2, 0, 2, 2, 0, 2, 1 ], [ 2, 1, 0, 2, 1, 1, 0, 0 ], 
  [ 2, 2, 2, 0, 1, 0, 2, 2 ], [ 1, 0, 1, 2, 0, 0, 2, 0 ] ]
CLASS n=4 order=6 size=5639982566400 fixed=-1 real=true M=
[ [ 1, 0, 0, 0, 0, 0, 0, 1 ], [ 2, 2, 0, 2, 1, 1, 1, 0 ], 
  [ 0, 1, 1, 0, 0, 2, 1, 1 ], [ 0, 0, 0, 2, 2, 2, 0, 0 ], 
  [ 2, 0, 2, 1, 1, 0, 0, 0 ], [ 0, 1, 2, 1, 0, 2, 1, 0 ], 
  [ 2, 2, 0, 1, 0, 0, 2, 0 ], [ 0, 0, 1, 1, 1, 2, 0, 1 ] ]
CLASS n=4 order=36 size=76139764646400 fixed=-1 real=false M=
[ [ 0, 0, 2, 1, 1, 0, 2, 2 ], [ 1, 0, 0, 2, 2, 1, 0, 1 ], 
  [ 0, 1, 2, 0, 0, 0, 0, 1 ], [ 0, 0, 0, 0, 0, 1, 2, 0 ], 
  [ 2, 0, 0, 0, 2, 0, 1, 1 ], [ 1, 1, 0, 1, 0, 0, 1, 0 ], 
  [ 2, 2, 2, 2, 1, 1, 2, 2 ], [ 2, 0, 0, 0, 1, 1, 1, 2 ] ]
CLASS n=4 order=36 size=76139764646400 fixed=-1 real=false M=
[ [ 2, 2, 2, 0, 1, 2, 0, 2 ], [ 1, 1, 1, 1, 1, 1, 0, 2 ], 
  [ 0, 0, 1, 1, 2, 0, 2, 0 ], [ 1, 2, 2, 0, 0, 0, 1, 0 ], 
  [ 2, 2, 2, 0, 2, 2, 2, 2 ], [ 2, 0, 0, 0, 1, 2, 1, 1 ], 
  [ 1, 2, 1, 2, 1, 2, 0, 2 ], [ 1, 1, 0, 1, 1, 2, 1, 2 ] ]
CLASS n=4 order=12 size=12689960774400 fixed=-1 real=true M=
[ [ 0, 0, 2, 1, 1, 2, 0, 2 ], [ 1, 2, 2, 0, 1, 2, 0, 0 ], 
  [ 2, 0, 1, 1, 1, 1, 0, 0 ], [ 0, 1, 1, 2, 0, 1, 2, 0 ], 
  [ 0, 2, 1, 0, 2, 2, 0, 2 ], [ 2, 2, 2, 0, 2, 0, 0, 1 ], 
  [ 2, 0, 0, 1, 0, 2, 2, 2 ], [ 2, 0, 1, 1, 1, 1, 0, 2 ] ]
CLASS n=4 order=12 size=78333091200 fixed=-1 real=true M=
[ [ 0, 0, 1, 1, 2, 2, 0, 1 ], [ 1, 2, 2, 0, 2, 1, 1, 1 ], 
  [ 0, 1, 1, 1, 1, 0, 1, 2 ], [ 1, 1, 0, 1, 0, 2, 2, 0 ], 
  [ 1, 1, 1, 0, 2, 2, 2, 1 ], [ 1, 0, 0, 2, 2, 0, 1, 1 ], 
  [ 2, 1, 2, 2, 1, 2, 2, 1 ], [ 2, 1, 2, 2, 1, 1, 0, 1 ] ]
CLASS n=4 order=28 size=1174727797401600 fixed=-1 real=true M=
[ [ 2, 1, 1, 0, 0, 0, 1, 1 ], [ 2, 1, 0, 2, 2, 2, 1, 0 ], 
  [ 0, 0, 2, 1, 2, 2, 2, 1 ], [ 2, 0, 1, 2, 0, 1, 2, 2 ], 
  [ 2, 0, 0, 2, 2, 1, 1, 1 ], [ 2, 1, 1, 2, 1, 2, 2, 0 ], 
  [ 1, 2, 2, 1, 2, 0, 0, 2 ], [ 0, 2, 1, 1, 2, 1, 2, 0 ] ]
CLASS n=4 order=18 size=406078744780800 fixed=-1 real=true M=
[ [ 2, 0, 1, 1, 0, 2, 0, 2 ], [ 2, 0, 1, 2, 0, 1, 0, 0 ], 
  [ 2, 1, 2, 1, 2, 2, 0, 1 ], [ 1, 2, 1, 2, 1, 0, 0, 2 ], 
  [ 0, 1, 1, 0, 0, 2, 2, 0 ], [ 0, 0, 2, 1, 0, 2, 1, 0 ], 
  [ 0, 2, 0, 2, 0, 2, 0, 2 ], [ 1, 1, 2, 2, 0, 2, 1, 1 ] ]
CLASS n=4 order=6 size=50759843097600 fixed=-1 real=true M=
[ [ 2, 0, 2, 1, 1, 1, 2, 1 ], [ 1, 2, 2, 0, 1, 1, 2, 2 ], 
  [ 0, 2, 0, 0, 0, 1, 1, 1 ], [ 2, 2, 2, 0, 0, 1, 2, 1 ], 
  [ 2, 2, 2, 1, 0, 1, 2, 0 ], [ 0, 2, 1, 2, 2, 1, 2, 1 ], 
  [ 2, 2, 0, 0, 1, 2, 0, 2 ], [ 1, 1, 1, 0, 1, 2, 1, 1 ] ]
CLASS n=4 order=14 size=1174727797401600 fixed=-1 real=true M=
[ [ 1, 0, 1, 0, 2, 1, 1, 1 ], [ 0, 2, 2, 1, 0, 2, 1, 1 ], 
  [ 1, 2, 2, 0, 0, 0, 2, 0 ], [ 1, 1, 1, 1, 0, 0, 2, 0 ], 
  [ 0, 2, 1, 2, 2, 0, 2, 0 ], [ 2, 2, 0, 2, 0, 1, 2, 2 ], 
  [ 0, 2, 2, 1, 2, 2, 0, 1 ], [ 1, 1, 0, 1, 2, 1, 0, 1 ] ]
