[ [ 1, 0, 0, 0 ], [ 0, 1, 0, 0 ], [ 0, 0, 1, 0 ], [ 0, 0, 0, 1 ] ];1
[ [ 2, 0, 0, 0 ], [ 0, 2, 0, 0 ], [ 0, 0, 2, 0 ], [ 0, 0, 0, 2 ] ];1
[ [ 1, 2, 0, 0 ], [ 2, 2, 0, 0 ], [ 0, 0, 2, 1 ], [ 0, 0, 1, 1 ] ];162
[ [ 0, 2, 0, 2 ], [ 0, 0, 1, 1 ], [ 2, 2, 1, 1 ], [ 1, 0, 2, 2 ] ];216
[ [ 2, 0, 1, 2 ], [ 1, 1, 2, 0 ], [ 0, 2, 0, 2 ], [ 2, 2, 2, 0 ] ];162
[ [ 1, 1, 1, 2 ], [ 1, 0, 0, 2 ], [ 1, 2, 1, 1 ], [ 0, 2, 1, 0 ] ];108
[ [ 2, 1, 0, 0 ], [ 0, 2, 0, 0 ], [ 0, 0, 0, 1 ], [ 0, 0, 2, 1 ] ];12
[ [ 2, 1, 2, 2 ], [ 2, 2, 2, 0 ], [ 0, 2, 0, 1 ], [ 2, 1, 1, 1 ] ];108
[ [ 2, 2, 0, 0 ], [ 0, 2, 0, 0 ], [ 0, 0, 2, 0 ], [ 0, 0, 1, 2 ] ];12
[ [ 2, 2, 2, 1 ], [ 2, 0, 0, 1 ], [ 2, 1, 2, 2 ], [ 0, 1, 2, 0 ] ];108
[ [ 1, 2, 0, 0 ], [ 0, 1, 0, 0 ], [ 0, 0, 0, 2 ], [ 0, 0, 1, 2 ] ];12
[ [ 1, 2, 1, 1 ], [ 1, 1, 1, 0 ], [ 0, 1, 0, 2 ], [ 1, 2, 2, 2 ] ];108
[ [ 1, 1, 0, 0 ], [ 0, 1, 0, 0 ], [ 0, 0, 1, 0 ], [ 0, 0, 2, 1 ] ];12
[ [ 2, 2, 1, 0 ], [ 2, 0, 2, 2 ], [ 2, 0, 1, 1 ], [ 1, 1, 1, 0 ] ];648
[ [ 0, 2, 1, 0 ], [ 0, 0, 1, 1 ], [ 2, 1, 1, 1 ], [ 1, 1, 2, 2 ] ];216
[ [ 0, 1, 1, 1 ], [ 0, 2, 0, 1 ], [ 0, 1, 0, 0 ], [ 2, 1, 2, 1 ] ];648
[ [ 1, 2, 2, 0 ], [ 0, 0, 1, 2 ], [ 0, 1, 2, 1 ], [ 2, 1, 0, 0 ] ];648
[ [ 0, 0, 2, 2 ], [ 1, 2, 0, 2 ], [ 2, 2, 2, 2 ], [ 1, 0, 2, 2 ] ];648
[ [ 0, 1, 1, 0 ], [ 1, 0, 2, 2 ], [ 2, 1, 1, 2 ], [ 2, 2, 0, 2 ] ];648
[ [ 0, 0, 2, 2 ], [ 2, 2, 2, 1 ], [ 0, 2, 2, 2 ], [ 1, 0, 2, 2 ] ];648
[ [ 0, 0, 1, 2 ], [ 0, 0, 1, 0 ], [ 0, 2, 0, 0 ], [ 1, 0, 0, 0 ] ];216
[ [ 1, 2, 1, 1 ], [ 2, 1, 2, 0 ], [ 0, 1, 0, 2 ], [ 2, 2, 0, 2 ] ];108
[ [ 1, 0, 1, 1 ], [ 0, 1, 0, 0 ], [ 0, 1, 0, 2 ], [ 0, 2, 1, 2 ] ];12
[ [ 0, 2, 0, 1 ], [ 0, 2, 2, 2 ], [ 1, 1, 1, 2 ], [ 2, 0, 2, 1 ] ];216
[ [ 0, 0, 2, 1 ], [ 1, 2, 0, 2 ], [ 1, 1, 1, 2 ], [ 0, 1, 2, 1 ] ];108
[ [ 1, 1, 2, 0 ], [ 0, 1, 0, 0 ], [ 0, 0, 1, 0 ], [ 0, 1, 0, 1 ] ];24
[ [ 1, 0, 2, 0 ], [ 0, 1, 0, 0 ], [ 0, 0, 1, 0 ], [ 0, 1, 2, 1 ] ];12
[ [ 2, 1, 2, 2 ], [ 1, 2, 1, 0 ], [ 0, 2, 0, 1 ], [ 1, 1, 0, 1 ] ];108
[ [ 2, 0, 2, 2 ], [ 0, 2, 0, 0 ], [ 0, 2, 0, 1 ], [ 0, 1, 2, 1 ] ];12
[ [ 0, 1, 0, 2 ], [ 0, 1, 1, 1 ], [ 2, 2, 2, 1 ], [ 1, 0, 1, 2 ] ];216
[ [ 0, 0, 1, 2 ], [ 2, 1, 0, 1 ], [ 2, 2, 2, 1 ], [ 0, 2, 1, 2 ] ];108
[ [ 2, 2, 1, 0 ], [ 0, 2, 0, 0 ], [ 0, 0, 2, 0 ], [ 0, 2, 0, 2 ] ];24
[ [ 2, 0, 1, 0 ], [ 0, 2, 0, 0 ], [ 0, 0, 2, 0 ], [ 0, 2, 1, 2 ] ];12
[ [ 2, 0, 0, 0 ], [ 0, 2, 2, 2 ], [ 2, 0, 1, 0 ], [ 1, 0, 0, 1 ] ];72
[ [ 2, 0, 2, 2 ], [ 0, 2, 0, 0 ], [ 0, 1, 1, 0 ], [ 0, 2, 0, 1 ] ];9
[ [ 1, 0, 2, 2 ], [ 0, 1, 0, 0 ], [ 0, 1, 2, 0 ], [ 0, 2, 0, 2 ] ];9
[ [ 1, 2, 1, 1 ], [ 0, 1, 1, 1 ], [ 1, 1, 2, 0 ], [ 2, 2, 0, 2 ] ];72
[ [ 0, 0, 1, 2 ], [ 2, 1, 0, 1 ], [ 2, 1, 0, 0 ], [ 0, 2, 1, 2 ] ];108
[ [ 0, 0, 2, 2 ], [ 0, 0, 1, 0 ], [ 1, 2, 0, 0 ], [ 2, 2, 0, 0 ] ];648
[ [ 1, 0, 2, 2 ], [ 2, 2, 2, 0 ], [ 1, 1, 2, 0 ], [ 1, 0, 1, 1 ] ];216
[ [ 0, 2, 0, 0 ], [ 1, 2, 1, 2 ], [ 0, 1, 2, 0 ], [ 0, 1, 0, 2 ] ];216
[ [ 0, 0, 0, 1 ], [ 1, 2, 2, 2 ], [ 1, 2, 0, 0 ], [ 2, 2, 0, 1 ] ];108
[ [ 2, 0, 1, 1 ], [ 0, 2, 0, 0 ], [ 0, 1, 1, 2 ], [ 0, 1, 0, 1 ] ];36
[ [ 1, 2, 1, 1 ], [ 0, 1, 0, 0 ], [ 0, 2, 0, 1 ], [ 0, 1, 2, 1 ] ];36
[ [ 1, 1, 2, 2 ], [ 0, 1, 1, 1 ], [ 1, 2, 2, 0 ], [ 2, 1, 0, 2 ] ];72
[ [ 1, 0, 2, 2 ], [ 1, 0, 0, 2 ], [ 1, 1, 2, 0 ], [ 0, 1, 2, 0 ] ];108
[ [ 0, 0, 2, 1 ], [ 0, 0, 1, 1 ], [ 0, 1, 0, 0 ], [ 2, 2, 0, 0 ] ];648
[ [ 2, 0, 0, 2 ], [ 1, 1, 2, 1 ], [ 0, 1, 1, 0 ], [ 1, 2, 2, 2 ] ];216
[ [ 2, 1, 1, 2 ], [ 2, 0, 0, 0 ], [ 2, 0, 2, 0 ], [ 2, 0, 0, 2 ] ];216
[ [ 2, 0, 2, 1 ], [ 2, 0, 1, 1 ], [ 2, 2, 1, 0 ], [ 1, 0, 0, 0 ] ];108
[ [ 2, 0, 1, 2 ], [ 0, 2, 0, 0 ], [ 0, 2, 1, 1 ], [ 0, 1, 0, 1 ] ];36
[ [ 1, 1, 1, 1 ], [ 0, 1, 0, 0 ], [ 0, 2, 1, 2 ], [ 0, 1, 1, 0 ] ];36
[ [ 1, 1, 1, 2 ], [ 2, 0, 1, 2 ], [ 1, 2, 1, 1 ], [ 1, 2, 2, 0 ] ];27
[ [ 2, 0, 0, 0 ], [ 0, 2, 0, 0 ], [ 0, 0, 2, 0 ], [ 0, 0, 2, 2 ] ];12
[ [ 2, 1, 0, 0 ], [ 0, 2, 0, 0 ], [ 0, 0, 2, 0 ], [ 0, 0, 0, 2 ] ];1
[ [ 2, 2, 2, 1 ], [ 1, 0, 2, 1 ], [ 2, 1, 2, 2 ], [ 2, 1, 1, 0 ] ];27
[ [ 1, 0, 0, 0 ], [ 0, 1, 0, 0 ], [ 0, 0, 1, 0 ], [ 0, 0, 1, 1 ] ];12
[ [ 1, 2, 0, 0 ], [ 0, 1, 0, 0 ], [ 0, 0, 1, 0 ], [ 0, 0, 0, 1 ] ];1
[ [ 0, 2, 2, 1 ], [ 1, 1, 2, 1 ], [ 2, 1, 0, 2 ], [ 2, 1, 1, 1 ] ];27
[ [ 2, 0, 0, 0 ], [ 0, 2, 0, 0 ], [ 0, 0, 2, 0 ], [ 0, 0, 1, 2 ] ];12
[ [ 2, 2, 0, 0 ], [ 0, 2, 0, 0 ], [ 0, 0, 2, 0 ], [ 0, 0, 0, 2 ] ];1
[ [ 0, 1, 1, 2 ], [ 2, 2, 1, 2 ], [ 1, 2, 0, 1 ], [ 1, 2, 2, 2 ] ];27
[ [ 1, 0, 0, 0 ], [ 0, 1, 0, 0 ], [ 0, 0, 1, 0 ], [ 0, 0, 2, 1 ] ];12
[ [ 1, 1, 0, 0 ], [ 0, 1, 0, 0 ], [ 0, 0, 1, 0 ], [ 0, 0, 0, 1 ] ];1
[ [ 0, 2, 2, 1 ], [ 1, 1, 0, 0 ], [ 1, 1, 2, 2 ], [ 1, 1, 1, 0 ] ];216
[ [ 1, 0, 1, 1 ], [ 0, 1, 0, 0 ], [ 0, 2, 1, 2 ], [ 0, 1, 1, 0 ] ];36
[ [ 0, 2, 2, 1 ], [ 0, 0, 1, 1 ], [ 1, 1, 2, 2 ], [ 2, 0, 1, 1 ] ];72
[ [ 1, 2, 0, 0 ], [ 1, 0, 0, 1 ], [ 2, 1, 1, 2 ], [ 0, 0, 0, 1 ] ];27
[ [ 2, 2, 0, 2 ], [ 0, 2, 0, 0 ], [ 0, 1, 1, 0 ], [ 0, 0, 0, 1 ] ];9
[ [ 0, 1, 1, 2 ], [ 2, 2, 0, 0 ], [ 2, 2, 1, 1 ], [ 2, 2, 2, 0 ] ];216
[ [ 2, 0, 2, 2 ], [ 0, 2, 0, 0 ], [ 0, 1, 2, 1 ], [ 0, 2, 2, 0 ] ];36
[ [ 0, 1, 1, 2 ], [ 0, 0, 2, 2 ], [ 2, 2, 1, 1 ], [ 1, 0, 2, 2 ] ];72
[ [ 2, 1, 0, 0 ], [ 2, 0, 0, 2 ], [ 1, 2, 2, 1 ], [ 0, 0, 0, 2 ] ];27
[ [ 1, 1, 0, 1 ], [ 0, 1, 0, 0 ], [ 0, 2, 2, 0 ], [ 0, 0, 0, 2 ] ];9
[ [ 2, 2, 2, 1 ], [ 1, 0, 1, 2 ], [ 0, 1, 0, 2 ], [ 0, 1, 1, 1 ] ];216
[ [ 2, 0, 2, 2 ], [ 0, 2, 0, 0 ], [ 0, 1, 0, 2 ], [ 0, 2, 1, 2 ] ];36
[ [ 0, 2, 0, 1 ], [ 0, 0, 2, 2 ], [ 2, 1, 2, 2 ], [ 1, 1, 1, 1 ] ];72
[ [ 0, 2, 0, 1 ], [ 1, 2, 0, 1 ], [ 2, 0, 2, 2 ], [ 0, 0, 0, 2 ] ];27
[ [ 1, 2, 0, 1 ], [ 0, 1, 0, 0 ], [ 0, 2, 2, 0 ], [ 0, 0, 0, 2 ] ];9
[ [ 1, 1, 1, 2 ], [ 2, 0, 2, 1 ], [ 0, 2, 0, 1 ], [ 0, 2, 2, 2 ] ];216
[ [ 1, 0, 1, 1 ], [ 0, 1, 0, 0 ], [ 0, 2, 0, 1 ], [ 0, 1, 2, 1 ] ];36
[ [ 0, 1, 0, 2 ], [ 0, 0, 1, 1 ], [ 1, 2, 1, 1 ], [ 2, 2, 2, 2 ] ];72
[ [ 0, 1, 0, 2 ], [ 2, 1, 0, 2 ], [ 1, 0, 1, 1 ], [ 0, 0, 0, 1 ] ];27
[ [ 2, 1, 0, 2 ], [ 0, 2, 0, 0 ], [ 0, 1, 1, 0 ], [ 0, 0, 0, 1 ] ];9
[ [ 2, 2, 2, 1 ], [ 2, 0, 2, 2 ], [ 0, 1, 0, 2 ], [ 1, 1, 2, 1 ] ];648
[ [ 2, 2, 2, 2 ], [ 0, 2, 0, 0 ], [ 0, 1, 0, 2 ], [ 0, 2, 1, 2 ] ];36
[ [ 0, 2, 0, 1 ], [ 1, 0, 0, 2 ], [ 2, 1, 2, 2 ], [ 2, 1, 2, 1 ] ];216
[ [ 0, 2, 2, 2 ], [ 1, 0, 2, 2 ], [ 1, 1, 1, 2 ], [ 0, 0, 2, 2 ] ];216
[ [ 0, 2, 0, 1 ], [ 1, 2, 0, 1 ], [ 2, 0, 2, 1 ], [ 0, 0, 0, 2 ] ];108
[ [ 2, 2, 2, 1 ], [ 1, 2, 1, 0 ], [ 0, 1, 0, 2 ], [ 1, 0, 2, 2 ] ];108
[ [ 0, 1, 1, 2 ], [ 0, 0, 1, 0 ], [ 0, 1, 0, 0 ], [ 2, 1, 2, 0 ] ];72
[ [ 1, 1, 1, 1 ], [ 0, 1, 0, 0 ], [ 0, 2, 2, 0 ], [ 0, 2, 1, 2 ] ];36
[ [ 1, 1, 1, 2 ], [ 1, 0, 1, 1 ], [ 0, 2, 0, 1 ], [ 2, 2, 1, 2 ] ];648
[ [ 1, 1, 1, 1 ], [ 0, 1, 0, 0 ], [ 0, 2, 0, 1 ], [ 0, 1, 2, 1 ] ];36
[ [ 0, 1, 0, 2 ], [ 2, 0, 0, 1 ], [ 1, 2, 1, 1 ], [ 1, 2, 1, 2 ] ];216
[ [ 0, 1, 1, 1 ], [ 2, 0, 1, 1 ], [ 2, 2, 2, 1 ], [ 0, 0, 1, 1 ] ];216
[ [ 0, 1, 0, 2 ], [ 2, 1, 0, 2 ], [ 1, 0, 1, 2 ], [ 0, 0, 0, 1 ] ];108
[ [ 1, 1, 1, 2 ], [ 2, 1, 2, 0 ], [ 0, 2, 0, 1 ], [ 2, 0, 1, 1 ] ];108
[ [ 0, 2, 2, 1 ], [ 0, 0, 2, 0 ], [ 0, 2, 0, 0 ], [ 1, 2, 1, 0 ] ];72
[ [ 2, 2, 2, 2 ], [ 0, 2, 0, 0 ], [ 0, 1, 1, 0 ], [ 0, 1, 2, 1 ] ];36
[ [ 1, 0, 0, 0 ], [ 1, 1, 1, 0 ], [ 1, 0, 1, 1 ], [ 2, 0, 1, 2 ] ];216
[ [ 2, 2, 2, 2 ], [ 2, 1, 1, 1 ], [ 2, 0, 2, 1 ], [ 1, 0, 2, 0 ] ];27
[ [ 2, 1, 2, 1 ], [ 2, 2, 0, 1 ], [ 1, 1, 0, 1 ], [ 1, 0, 1, 1 ] ];216
[ [ 1, 1, 1, 1 ], [ 0, 1, 0, 0 ], [ 0, 2, 0, 1 ], [ 0, 2, 2, 0 ] ];54
[ [ 2, 1, 1, 0 ], [ 1, 1, 1, 0 ], [ 0, 0, 1, 0 ], [ 1, 0, 1, 1 ] ];27
[ [ 2, 0, 0, 0 ], [ 2, 2, 2, 0 ], [ 2, 0, 2, 2 ], [ 1, 0, 2, 1 ] ];216
[ [ 1, 1, 1, 1 ], [ 1, 2, 2, 2 ], [ 1, 0, 1, 2 ], [ 2, 0, 1, 0 ] ];27
[ [ 1, 2, 1, 2 ], [ 1, 1, 0, 2 ], [ 2, 2, 0, 2 ], [ 2, 0, 2, 2 ] ];216
[ [ 2, 2, 2, 2 ], [ 0, 2, 0, 0 ], [ 0, 1, 0, 2 ], [ 0, 1, 1, 0 ] ];54
[ [ 1, 2, 2, 0 ], [ 2, 2, 2, 0 ], [ 0, 0, 2, 0 ], [ 2, 0, 2, 2 ] ];27
[ [ 2, 2, 2, 1 ], [ 2, 0, 0, 1 ], [ 0, 1, 2, 0 ], [ 1, 1, 2, 1 ] ];648
[ [ 2, 2, 2, 2 ], [ 2, 1, 1, 1 ], [ 2, 0, 1, 0 ], [ 1, 0, 0, 1 ] ];108
[ [ 2, 0, 0, 2 ], [ 2, 2, 0, 1 ], [ 1, 2, 2, 0 ], [ 1, 2, 2, 2 ] ];216
[ [ 1, 2, 1, 2 ], [ 0, 0, 1, 0 ], [ 2, 0, 1, 0 ], [ 0, 2, 1, 0 ] ];648
[ [ 0, 0, 1, 0 ], [ 1, 2, 0, 1 ], [ 2, 1, 0, 0 ], [ 0, 2, 2, 0 ] ];162
[ [ 2, 1, 0, 2 ], [ 1, 0, 2, 1 ], [ 0, 1, 1, 0 ], [ 1, 1, 2, 2 ] ];216
[ [ 2, 0, 2, 1 ], [ 1, 1, 1, 0 ], [ 0, 1, 0, 2 ], [ 1, 2, 2, 2 ] ];108
[ [ 1, 0, 2, 2 ], [ 0, 1, 0, 0 ], [ 0, 1, 0, 1 ], [ 0, 1, 2, 0 ] ];54
[ [ 1, 1, 1, 2 ], [ 1, 0, 0, 2 ], [ 0, 2, 1, 0 ], [ 2, 2, 1, 2 ] ];648
[ [ 1, 1, 1, 1 ], [ 1, 2, 2, 2 ], [ 1, 0, 2, 0 ], [ 2, 0, 0, 2 ] ];108
[ [ 1, 0, 0, 1 ], [ 1, 1, 0, 2 ], [ 2, 1, 1, 0 ], [ 2, 1, 1, 1 ] ];216
[ [ 2, 1, 2, 1 ], [ 0, 0, 2, 0 ], [ 1, 0, 2, 0 ], [ 0, 1, 2, 0 ] ];648
[ [ 0, 0, 2, 0 ], [ 2, 1, 0, 2 ], [ 1, 2, 0, 0 ], [ 0, 1, 1, 0 ] ];162
[ [ 1, 2, 0, 1 ], [ 2, 0, 1, 2 ], [ 0, 2, 2, 0 ], [ 2, 2, 1, 1 ] ];216
[ [ 1, 0, 1, 2 ], [ 2, 2, 2, 0 ], [ 0, 2, 0, 1 ], [ 2, 1, 1, 1 ] ];108
[ [ 2, 0, 1, 1 ], [ 0, 2, 0, 0 ], [ 0, 2, 0, 2 ], [ 0, 2, 1, 0 ] ];54
[ [ 0, 1, 1, 2 ], [ 0, 2, 2, 2 ], [ 2, 2, 0, 2 ], [ 0, 2, 0, 0 ] ];648
[ [ 2, 2, 2, 2 ], [ 2, 1, 1, 1 ], [ 2, 0, 0, 2 ], [ 1, 0, 1, 2 ] ];108
[ [ 2, 2, 1, 0 ], [ 2, 2, 0, 1 ], [ 1, 0, 1, 2 ], [ 1, 1, 0, 0 ] ];216
[ [ 1, 2, 1, 2 ], [ 1, 0, 1, 2 ], [ 0, 0, 1, 2 ], [ 0, 2, 1, 0 ] ];648
[ [ 2, 2, 1, 2 ], [ 2, 0, 0, 2 ], [ 1, 0, 0, 2 ], [ 0, 2, 2, 0 ] ];162
[ [ 2, 0, 1, 0 ], [ 1, 0, 2, 1 ], [ 0, 2, 0, 2 ], [ 1, 0, 0, 0 ] ];216
[ [ 2, 2, 0, 2 ], [ 1, 1, 1, 0 ], [ 0, 2, 2, 1 ], [ 1, 1, 0, 0 ] ];108
[ [ 1, 2, 2, 2 ], [ 0, 1, 0, 0 ], [ 0, 1, 0, 1 ], [ 0, 1, 2, 0 ] ];54
[ [ 0, 2, 2, 1 ], [ 0, 1, 1, 1 ], [ 1, 1, 0, 1 ], [ 0, 1, 0, 0 ] ];648
[ [ 1, 1, 1, 1 ], [ 1, 2, 2, 2 ], [ 1, 0, 0, 1 ], [ 2, 0, 2, 1 ] ];108
[ [ 1, 1, 2, 0 ], [ 1, 1, 0, 2 ], [ 2, 0, 2, 1 ], [ 2, 2, 0, 0 ] ];216
[ [ 2, 1, 2, 1 ], [ 2, 0, 2, 1 ], [ 0, 0, 2, 1 ], [ 0, 1, 2, 0 ] ];648
[ [ 1, 1, 2, 1 ], [ 1, 0, 0, 1 ], [ 2, 0, 0, 1 ], [ 0, 1, 1, 0 ] ];162
[ [ 1, 0, 2, 0 ], [ 2, 0, 1, 2 ], [ 0, 1, 0, 1 ], [ 2, 0, 0, 0 ] ];216
[ [ 1, 1, 0, 1 ], [ 2, 2, 2, 0 ], [ 0, 1, 1, 2 ], [ 2, 2, 0, 0 ] ];108
[ [ 2, 1, 1, 1 ], [ 0, 2, 0, 0 ], [ 0, 2, 0, 2 ], [ 0, 2, 1, 0 ] ];54
[ [ 0, 0, 0, 2 ], [ 1, 2, 1, 0 ], [ 1, 2, 0, 0 ], [ 2, 2, 0, 2 ] ];648
[ [ 1, 1, 2, 0 ], [ 2, 2, 1, 2 ], [ 1, 1, 0, 0 ], [ 0, 1, 0, 1 ] ];648
[ [ 1, 0, 2, 1 ], [ 1, 2, 0, 1 ], [ 1, 1, 2, 2 ], [ 1, 0, 1, 2 ] ];648
[ [ 1, 1, 1, 0 ], [ 1, 0, 0, 2 ], [ 1, 1, 2, 0 ], [ 2, 1, 2, 1 ] ];648
[ [ 0, 2, 1, 0 ], [ 0, 2, 0, 1 ], [ 0, 2, 0, 0 ], [ 1, 0, 1, 2 ] ];648
[ [ 0, 2, 2, 1 ], [ 0, 0, 1, 1 ], [ 0, 1, 0, 0 ], [ 2, 2, 1, 1 ] ];648
[ [ 2, 2, 1, 1 ], [ 2, 2, 0, 1 ], [ 1, 1, 0, 0 ], [ 0, 1, 2, 0 ] ];648
[ [ 1, 2, 1, 0 ], [ 2, 1, 1, 1 ], [ 1, 2, 0, 0 ], [ 1, 0, 1, 2 ] ];648
[ [ 0, 0, 0, 1 ], [ 2, 1, 2, 0 ], [ 2, 1, 0, 0 ], [ 1, 1, 0, 1 ] ];648
[ [ 2, 2, 1, 0 ], [ 1, 1, 2, 1 ], [ 2, 2, 0, 0 ], [ 0, 2, 0, 2 ] ];648
[ [ 2, 0, 1, 2 ], [ 2, 1, 0, 2 ], [ 2, 2, 1, 1 ], [ 2, 0, 2, 1 ] ];648
[ [ 2, 2, 2, 0 ], [ 2, 0, 0, 1 ], [ 2, 2, 1, 0 ], [ 1, 2, 1, 2 ] ];648
[ [ 0, 1, 2, 0 ], [ 0, 1, 0, 2 ], [ 0, 1, 0, 0 ], [ 2, 0, 2, 1 ] ];648
[ [ 0, 1, 1, 2 ], [ 0, 0, 2, 2 ], [ 0, 2, 0, 0 ], [ 1, 1, 2, 2 ] ];648
[ [ 1, 1, 2, 2 ], [ 1, 1, 0, 2 ], [ 2, 2, 0, 0 ], [ 0, 2, 1, 0 ] ];648
[ [ 2, 1, 2, 0 ], [ 1, 2, 2, 2 ], [ 2, 1, 0, 0 ], [ 2, 0, 2, 1 ] ];648
[ [ 1, 1, 0, 1 ], [ 0, 2, 1, 0 ], [ 2, 0, 1, 1 ], [ 1, 1, 0, 2 ] ];648
[ [ 0, 2, 0, 2 ], [ 0, 1, 1, 2 ], [ 2, 1, 1, 1 ], [ 2, 0, 1, 1 ] ];648
[ [ 0, 1, 1, 1 ], [ 2, 2, 2, 2 ], [ 2, 0, 2, 1 ], [ 2, 0, 0, 2 ] ];648
[ [ 0, 1, 1, 0 ], [ 1, 0, 1, 2 ], [ 0, 2, 1, 0 ], [ 2, 1, 0, 2 ] ];648
[ [ 1, 1, 1, 1 ], [ 0, 1, 2, 2 ], [ 0, 0, 1, 1 ], [ 2, 1, 2, 0 ] ];648
[ [ 0, 2, 0, 0 ], [ 1, 0, 2, 0 ], [ 0, 1, 0, 1 ], [ 0, 0, 2, 0 ] ];648
[ [ 0, 2, 2, 2 ], [ 2, 2, 2, 0 ], [ 2, 1, 2, 1 ], [ 0, 1, 2, 2 ] ];648
[ [ 1, 2, 1, 2 ], [ 0, 0, 2, 2 ], [ 2, 0, 2, 2 ], [ 1, 2, 0, 0 ] ];648
[ [ 1, 0, 0, 1 ], [ 1, 1, 0, 0 ], [ 0, 0, 0, 2 ], [ 1, 1, 1, 1 ] ];648
[ [ 1, 0, 1, 0 ], [ 2, 2, 1, 2 ], [ 0, 2, 1, 1 ], [ 2, 1, 0, 2 ] ];648
[ [ 2, 0, 0, 1 ], [ 0, 0, 2, 0 ], [ 0, 1, 2, 0 ], [ 2, 1, 2, 0 ] ];216
[ [ 1, 0, 0, 0 ], [ 1, 1, 1, 1 ], [ 2, 0, 1, 0 ], [ 0, 0, 1, 1 ] ];648
[ [ 2, 0, 0, 2 ], [ 0, 0, 1, 2 ], [ 0, 2, 2, 1 ], [ 1, 0, 0, 0 ] ];648
[ [ 1, 0, 0, 0 ], [ 2, 1, 0, 1 ], [ 2, 0, 1, 0 ], [ 2, 0, 1, 1 ] ];648
[ [ 2, 0, 2, 0 ], [ 1, 1, 0, 1 ], [ 0, 2, 2, 1 ], [ 2, 1, 2, 2 ] ];216
[ [ 2, 2, 1, 2 ], [ 1, 1, 0, 1 ], [ 0, 1, 1, 0 ], [ 2, 2, 0, 0 ] ];216
[ [ 1, 0, 2, 2 ], [ 0, 1, 0, 0 ], [ 0, 1, 1, 2 ], [ 0, 1, 0, 1 ] ];72
[ [ 1, 0, 1, 0 ], [ 1, 1, 2, 0 ], [ 0, 0, 1, 0 ], [ 1, 2, 0, 1 ] ];216
[ [ 1, 0, 0, 2 ], [ 0, 0, 1, 0 ], [ 0, 2, 1, 0 ], [ 1, 2, 1, 0 ] ];216
[ [ 2, 0, 0, 0 ], [ 2, 2, 2, 2 ], [ 1, 0, 2, 0 ], [ 0, 0, 2, 2 ] ];648
[ [ 1, 0, 0, 1 ], [ 0, 0, 2, 1 ], [ 0, 1, 1, 2 ], [ 2, 0, 0, 0 ] ];648
[ [ 2, 0, 0, 0 ], [ 1, 2, 0, 2 ], [ 1, 0, 2, 0 ], [ 1, 0, 2, 2 ] ];648
[ [ 1, 0, 1, 0 ], [ 2, 2, 0, 2 ], [ 0, 1, 1, 2 ], [ 1, 2, 1, 1 ] ];216
[ [ 1, 1, 2, 1 ], [ 2, 2, 0, 2 ], [ 0, 2, 2, 0 ], [ 1, 1, 0, 0 ] ];216
[ [ 2, 0, 1, 1 ], [ 0, 2, 0, 0 ], [ 0, 2, 2, 1 ], [ 0, 2, 0, 2 ] ];72
[ [ 2, 0, 2, 0 ], [ 2, 2, 1, 0 ], [ 0, 0, 2, 0 ], [ 2, 1, 0, 2 ] ];216
[ [ 0, 1, 2, 2 ], [ 0, 2, 1, 0 ], [ 0, 2, 0, 0 ], [ 1, 2, 0, 2 ] ];216
[ [ 1, 0, 0, 0 ], [ 1, 1, 0, 2 ], [ 1, 0, 1, 0 ], [ 2, 0, 2, 1 ] ];648
[ [ 0, 0, 0, 1 ], [ 2, 2, 2, 1 ], [ 1, 1, 0, 0 ], [ 2, 0, 0, 2 ] ];648
[ [ 1, 0, 0, 0 ], [ 0, 1, 1, 2 ], [ 1, 0, 1, 0 ], [ 0, 0, 2, 1 ] ];648
[ [ 1, 1, 2, 2 ], [ 2, 2, 1, 0 ], [ 1, 1, 0, 0 ], [ 0, 1, 0, 1 ] ];216
[ [ 1, 2, 0, 0 ], [ 2, 2, 1, 0 ], [ 1, 2, 1, 1 ], [ 0, 0, 2, 0 ] ];216
[ [ 1, 1, 1, 2 ], [ 0, 1, 0, 0 ], [ 0, 1, 1, 1 ], [ 0, 2, 0, 1 ] ];72
[ [ 1, 0, 2, 0 ], [ 2, 1, 2, 0 ], [ 0, 0, 1, 0 ], [ 1, 1, 2, 1 ] ];216
[ [ 0, 2, 1, 1 ], [ 0, 1, 2, 0 ], [ 0, 1, 0, 0 ], [ 2, 1, 0, 1 ] ];216
[ [ 2, 0, 0, 0 ], [ 2, 2, 0, 1 ], [ 2, 0, 2, 0 ], [ 1, 0, 1, 2 ] ];648
[ [ 0, 0, 0, 2 ], [ 1, 1, 1, 2 ], [ 2, 2, 0, 0 ], [ 1, 0, 0, 1 ] ];648
[ [ 2, 0, 0, 0 ], [ 0, 2, 2, 1 ], [ 2, 0, 2, 0 ], [ 0, 0, 1, 2 ] ];648
[ [ 2, 2, 1, 1 ], [ 1, 1, 2, 0 ], [ 2, 2, 0, 0 ], [ 0, 2, 0, 2 ] ];216
[ [ 2, 1, 0, 0 ], [ 1, 1, 2, 0 ], [ 2, 1, 2, 2 ], [ 0, 0, 1, 0 ] ];216
[ [ 2, 2, 2, 1 ], [ 0, 2, 0, 0 ], [ 0, 2, 2, 2 ], [ 0, 1, 0, 2 ] ];72
[ [ 2, 0, 1, 0 ], [ 1, 2, 1, 0 ], [ 0, 0, 2, 0 ], [ 2, 2, 1, 2 ] ];216
